node,2,0.0,0.0,0.0
node,3,10.0,0.0,0.0
node,4,20.0,0.0,0.0
node,5,30.0,0.0,0.0
node,6,40.0,0.0,0.0
node,7,50.0,0.0,0.0
node,8,60.0,0.0,0.0
node,9,70.0,0.0,0.0
node,10,80.0,0.0,0.0
node,11,90.0,0.0,0.0
node,12,100.0,0.0,0.0
node,13,99.452189536827,10.452846326765,0.0
node,14,97.81476007338,20.791169081776,0.0
node,15,95.105651629515,30.901699437495,0.0
node,16,91.35454576426,40.67366430758,0.0
node,17,86.602540378444,50.0,0.0
node,18,80.901699437495,58.778525229247,0.0
node,19,74.314482547739,66.913060635886,0.0
node,20,66.913060635886,74.314482547739,0.0
node,21,58.778525229247,80.901699437495,0.0
node,22,50.0,86.602540378444,0.0
node,23,40.67366430758,91.35454576426,0.0
node,24,30.901699437495,95.105651629515,0.0
node,25,20.791169081776,97.81476007338,0.0
node,26,10.452846326765,99.452189536827,0.0
node,27,0.0,100.0,0.0
node,28,0.0,90.0,0.0
node,29,0.0,80.0,0.0
node,30,0.0,70.0,0.0
node,31,0.0,60.0,0.0
node,32,0.0,50.0,0.0
node,33,0.0,40.0,0.0
node,34,0.0,30.0,0.0
node,35,0.0,20.0,0.0
node,36,0.0,10.0,0.0
node,37,65.762415292444,59.129200650219,0.0
node,38,59.793890064333,65.118239849787,0.0
node,39,59.470668632345,58.575411299773,0.0
node,40,70.040190230334,62.719468172302,0.0
node,41,69.479763572176,51.767444665954,0.0
node,42,72.821458996126,43.729002594316,0.0
node,43,75.563456338564,35.387168664117,0.0
node,44,77.670896478205,26.72339539597,0.0
node,45,79.087214962072,17.906097060097,0.0
node,46,79.83613494023,8.9752986048859,0.0
node,47,75.472106890746,54.719714168166,0.0
node,48,79.948174842786,46.256462989982,0.0
node,49,83.60673294277,37.503453116992,0.0
node,50,86.471087908174,28.399055824282,0.0
node,51,88.487851583813,19.0616806408,0.0
node,52,89.655872331576,9.5636839978213,0.0
node,53,63.044483576463,69.723694541438,0.0
node,54,52.522549679526,68.799217459235,0.0
node,55,44.525382386473,72.139852245979,0.0
node,56,36.171133712881,74.923464318001,0.0
node,57,27.4201339803,77.115309687417,0.0
node,58,18.439242737107,78.653394779186,0.0
node,59,9.2708796470585,79.576016748504,0.0
node,60,55.090359190328,75.134024602819,0.0
node,61,46.655814093401,79.602725202317,0.0
node,62,37.900085581696,83.277449820296,0.0
node,63,28.756192794522,86.179018486142,0.0
node,64,19.338955345115,88.251842586289,0.0
node,65,9.7242044170127,89.504045078904,0.0
node,66,52.170174801745,61.003082365974,0.0
node,67,44.099416296654,63.61440442315,0.0
node,68,35.795378762025,65.838124088384,0.0
node,69,27.105989587554,67.594178668974,0.0
node,70,18.23200303511,68.813715684452,0.0
node,71,9.1676916459605,69.556670791797,0.0
node,72,61.964624618325,51.136056200661,0.0
node,73,64.577946394322,43.003792643796,0.0
node,74,66.739271917774,34.713252672443,0.0
node,75,68.367171986673,26.149879204287,0.0
node,76,69.402138058958,17.502942696268,0.0
node,77,69.891998348806,8.7699031645932,0.0
node,78,53.891389451431,52.73635866997,0.0
node,79,56.05828215602,44.024161426537,0.0
node,80,57.798457781629,35.428167518731,0.0
node,81,59.041527099866,26.635035302443,0.0
node,82,59.753790321354,17.813862303341,0.0
node,83,59.998648353389,8.9216995144278,0.0
node,84,45.273414193791,54.881731584053,0.0
node,85,46.989934974545,45.696278283939,0.0
node,86,48.431514110027,36.703008307171,0.0
node,87,49.435019382056,27.562909709542,0.0
node,88,49.961684619318,18.422490346656,0.0
node,89,50.071886202112,9.2212401190081,0.0
node,90,36.677973430392,56.690373339904,0.0
node,91,38.009182418612,47.202481863562,0.0
node,92,39.128857078334,37.882579098342,0.0
node,93,39.871856176815,28.446101292324,0.0
node,94,40.206030622322,19.0093182913,0.0
node,95,40.180030924312,9.516303045693,0.0
node,96,27.745242649899,58.091881708656,0.0
node,97,28.731722791006,48.379731320773,0.0
node,98,29.56742980633,38.801384925466,0.0
node,99,30.101870785508,29.139368359026,0.0
node,100,30.307048218589,19.47171953043,0.0
node,101,30.219000378302,9.7509164958036,0.0
node,102,18.662403133872,59.041159319728,0.0
node,103,19.314662093528,49.177929099495,0.0
node,104,19.862643860061,39.417995166393,0.0
node,105,20.199423847648,29.606956119815,0.0
node,106,20.305542618777,19.785190238212,0.0
node,107,20.202944761924,9.913291847019,0.0
node,108,9.3823487955094,59.605926733978,0.0
node,109,9.704210487636,49.6509081693,0.0
node,110,9.9763460859546,39.766391249056,0.0
node,111,10.139092944631,29.862597965219,0.0
node,112,10.184064410682,19.949288975793,0.0
node,113,10.121526646504,9.9977088603243,0.0
node,114,-10.1215266465,9.9977088603243,0.0
node,115,-10.18406441068,19.949288975793,0.0
node,116,-10.13909294463,29.862597965219,0.0
node,117,-9.976346085955,39.766391249056,0.0
node,118,-9.704210487636,49.6509081693,0.0
node,119,-9.382348795509,59.605926733978,0.0
node,120,-20.20294476192,9.913291847019,0.0
node,121,-20.30554261878,19.785190238212,0.0
node,122,-20.19942384765,29.606956119815,0.0
node,123,-19.86264386006,39.417995166393,0.0
node,124,-19.31466209353,49.177929099495,0.0
node,125,-18.66240313387,59.041159319728,0.0
node,126,-30.2190003783,9.7509164958036,0.0
node,127,-30.30704821859,19.47171953043,0.0
node,128,-30.10187078551,29.139368359026,0.0
node,129,-29.56742980633,38.801384925466,0.0
node,130,-28.731722791,48.379731320773,0.0
node,131,-27.7452426499,58.091881708656,0.0
node,132,-40.18003092431,9.516303045693,0.0
node,133,-40.20603062232,19.0093182913,0.0
node,134,-39.87185617681,28.446101292324,0.0
node,135,-39.12885707833,37.882579098342,0.0
node,136,-38.00918241861,47.202481863562,0.0
node,137,-36.67797343039,56.690373339904,0.0
node,138,-50.07188620211,9.2212401190081,0.0
node,139,-49.96168461932,18.422490346656,0.0
node,140,-49.43501938206,27.562909709542,0.0
node,141,-48.43151411003,36.703008307171,0.0
node,142,-46.98993497454,45.696278283939,0.0
node,143,-45.27341419379,54.881731584053,0.0
node,144,-59.99864835339,8.9216995144278,0.0
node,145,-59.75379032135,17.813862303341,0.0
node,146,-59.04152709987,26.635035302443,0.0
node,147,-57.79845778163,35.428167518731,0.0
node,148,-56.05828215602,44.024161426537,0.0
node,149,-53.89138945143,52.73635866997,0.0
node,150,-69.89199834881,8.7699031645932,0.0
node,151,-69.40213805896,17.502942696268,0.0
node,152,-68.36717198667,26.149879204287,0.0
node,153,-66.73927191777,34.713252672443,0.0
node,154,-64.57794639432,43.003792643796,0.0
node,155,-61.96462461832,51.136056200661,0.0
node,156,-9.16769164596,69.556670791797,0.0
node,157,-18.23200303511,68.813715684452,0.0
node,158,-27.10598958755,67.594178668974,0.0
node,159,-35.79537876202,65.838124088384,0.0
node,160,-44.09941629665,63.61440442315,0.0
node,161,-52.17017480174,61.003082365974,0.0
node,162,-9.724204417013,89.504045078904,0.0
node,163,-19.33895534511,88.251842586289,0.0
node,164,-28.75619279452,86.179018486142,0.0
node,165,-37.9000855817,83.277449820296,0.0
node,166,-46.6558140934,79.602725202317,0.0
node,167,-55.09035919033,75.134024602819,0.0
node,168,-9.270879647058,79.576016748504,0.0
node,169,-18.43924273711,78.653394779186,0.0
node,170,-27.4201339803,77.115309687417,0.0
node,171,-36.17113371288,74.923464318001,0.0
node,172,-44.52538238647,72.139852245979,0.0
node,173,-52.52254967953,68.799217459235,0.0
node,174,-63.04448357646,69.723694541438,0.0
node,175,-89.65587233158,9.5636839978213,0.0
node,176,-88.48785158381,19.0616806408,0.0
node,177,-86.47108790817,28.399055824282,0.0
node,178,-83.60673294277,37.503453116992,0.0
node,179,-79.94817484279,46.256462989982,0.0
node,180,-75.47210689075,54.719714168166,0.0
node,181,-79.83613494023,8.9752986048859,0.0
node,182,-79.08721496207,17.906097060097,0.0
node,183,-77.6708964782,26.72339539597,0.0
node,184,-75.56345633856,35.387168664117,0.0
node,185,-72.82145899613,43.729002594316,0.0
node,186,-69.47976357218,51.767444665954,0.0
node,187,-70.04019023033,62.719468172302,0.0
node,188,-59.47066863234,58.575411299773,0.0
node,189,-59.79389006433,65.118239849787,0.0
node,190,-65.76241529244,59.129200650219,0.0
node,201,-10.45284632676,99.452189536827,0.0
node,202,-20.79116908178,97.81476007338,0.0
node,203,-30.90169943749,95.105651629515,0.0
node,204,-40.67366430758,91.35454576426,0.0
node,205,-50.0,86.602540378444,0.0
node,206,-58.77852522925,80.901699437495,0.0
node,207,-66.91306063588,74.314482547739,0.0
node,208,-74.31448254774,66.913060635886,0.0
node,209,-80.90169943749,58.778525229247,0.0
node,210,-86.60254037844,50.0,0.0
node,211,-91.35454576426,40.67366430758,0.0
node,212,-95.10565162952,30.901699437495,0.0
node,213,-97.81476007338,20.791169081776,0.0
node,214,-99.45218953683,10.452846326765,0.0
node,215,-100.0,0.0,0.0
node,216,-90.0,0.0,0.0
node,217,-80.0,0.0,0.0
node,218,-70.0,0.0,0.0
node,219,-60.0,0.0,0.0
node,220,-50.0,0.0,0.0
node,221,-40.0,0.0,0.0
node,222,-30.0,0.0,0.0
node,223,-20.0,0.0,0.0
node,224,-10.0,0.0,0.0
node,237,-99.45218953683,-10.45284632676,0.0
node,238,-97.81476007338,-20.79116908178,0.0
node,239,-95.10565162952,-30.90169943749,0.0
node,240,-91.35454576426,-40.67366430758,0.0
node,241,-86.60254037844,-50.0,0.0
node,242,-80.90169943749,-58.77852522925,0.0
node,243,-74.31448254774,-66.91306063588,0.0
node,244,-66.91306063588,-74.31448254774,0.0
node,245,-58.77852522925,-80.90169943749,0.0
node,246,-50.0,-86.60254037844,0.0
node,247,-40.67366430758,-91.35454576426,0.0
node,248,-30.90169943749,-95.10565162952,0.0
node,249,-20.79116908178,-97.81476007338,0.0
node,250,-10.45284632676,-99.45218953683,0.0
node,251,0.0,-100.0,0.0
node,252,0.0,-90.0,0.0
node,253,0.0,-80.0,0.0
node,254,0.0,-70.0,0.0
node,255,0.0,-60.0,0.0
node,256,0.0,-50.0,0.0
node,257,0.0,-40.0,0.0
node,258,0.0,-30.0,0.0
node,259,0.0,-20.0,0.0
node,260,0.0,-10.0,0.0
node,261,-65.76241529244,-59.12920065022,0.0
node,262,-59.79389006433,-65.11823984979,0.0
node,263,-59.47066863234,-58.57541129977,0.0
node,264,-70.04019023033,-62.7194681723,0.0
node,265,-69.47976357218,-51.76744466595,0.0
node,266,-72.82145899613,-43.72900259432,0.0
node,267,-75.56345633856,-35.38716866412,0.0
node,268,-77.6708964782,-26.72339539597,0.0
node,269,-79.08721496207,-17.9060970601,0.0
node,270,-79.83613494023,-8.975298604886,0.0
node,271,-75.47210689075,-54.71971416817,0.0
node,272,-79.94817484279,-46.25646298998,0.0
node,273,-83.60673294277,-37.50345311699,0.0
node,274,-86.47108790817,-28.39905582428,0.0
node,275,-88.48785158381,-19.0616806408,0.0
node,276,-89.65587233158,-9.563683997821,0.0
node,277,-63.04448357646,-69.72369454144,0.0
node,278,-52.52254967953,-68.79921745924,0.0
node,279,-44.52538238647,-72.13985224598,0.0
node,280,-36.17113371288,-74.923464318,0.0
node,281,-27.4201339803,-77.11530968742,0.0
node,282,-18.43924273711,-78.65339477918,0.0
node,283,-9.270879647058,-79.5760167485,0.0
node,284,-55.09035919033,-75.13402460282,0.0
node,285,-46.6558140934,-79.60272520232,0.0
node,286,-37.9000855817,-83.2774498203,0.0
node,287,-28.75619279452,-86.17901848614,0.0
node,288,-19.33895534511,-88.25184258629,0.0
node,289,-9.724204417013,-89.5040450789,0.0
node,290,-52.17017480174,-61.00308236597,0.0
node,291,-44.09941629665,-63.61440442315,0.0
node,292,-35.79537876202,-65.83812408838,0.0
node,293,-27.10598958755,-67.59417866897,0.0
node,294,-18.23200303511,-68.81371568445,0.0
node,295,-9.16769164596,-69.5566707918,0.0
node,296,-61.96462461832,-51.13605620066,0.0
node,297,-64.57794639432,-43.0037926438,0.0
node,298,-66.73927191777,-34.71325267244,0.0
node,299,-68.36717198667,-26.14987920429,0.0
node,300,-69.40213805896,-17.50294269627,0.0
node,301,-69.89199834881,-8.769903164593,0.0
node,302,-53.89138945143,-52.73635866997,0.0
node,303,-56.05828215602,-44.02416142654,0.0
node,304,-57.79845778163,-35.42816751873,0.0
node,305,-59.04152709987,-26.63503530244,0.0
node,306,-59.75379032135,-17.81386230334,0.0
node,307,-59.99864835339,-8.921699514428,0.0
node,308,-45.27341419379,-54.88173158405,0.0
node,309,-46.98993497454,-45.69627828394,0.0
node,310,-48.43151411003,-36.70300830717,0.0
node,311,-49.43501938206,-27.56290970954,0.0
node,312,-49.96168461932,-18.42249034666,0.0
node,313,-50.07188620211,-9.221240119008,0.0
node,314,-36.67797343039,-56.6903733399,0.0
node,315,-38.00918241861,-47.20248186356,0.0
node,316,-39.12885707833,-37.88257909834,0.0
node,317,-39.87185617681,-28.44610129232,0.0
node,318,-40.20603062232,-19.0093182913,0.0
node,319,-40.18003092431,-9.516303045693,0.0
node,320,-27.7452426499,-58.09188170866,0.0
node,321,-28.731722791,-48.37973132077,0.0
node,322,-29.56742980633,-38.80138492546,0.0
node,323,-30.10187078551,-29.13936835903,0.0
node,324,-30.30704821859,-19.47171953043,0.0
node,325,-30.2190003783,-9.750916495804,0.0
node,326,-18.66240313387,-59.04115931973,0.0
node,327,-19.31466209353,-49.1779290995,0.0
node,328,-19.86264386006,-39.41799516639,0.0
node,329,-20.19942384765,-29.60695611982,0.0
node,330,-20.30554261878,-19.78519023821,0.0
node,331,-20.20294476192,-9.913291847019,0.0
node,332,-9.382348795509,-59.60592673398,0.0
node,333,-9.704210487636,-49.6509081693,0.0
node,334,-9.976346085955,-39.76639124906,0.0
node,335,-10.13909294463,-29.86259796522,0.0
node,336,-10.18406441068,-19.94928897579,0.0
node,337,-10.1215266465,-9.997708860324,0.0
node,338,10.121526646504,-9.997708860324,0.0
node,339,10.184064410682,-19.94928897579,0.0
node,340,10.139092944631,-29.86259796522,0.0
node,341,9.9763460859546,-39.76639124906,0.0
node,342,9.704210487636,-49.6509081693,0.0
node,343,9.3823487955094,-59.60592673398,0.0
node,344,20.202944761924,-9.913291847019,0.0
node,345,20.305542618777,-19.78519023821,0.0
node,346,20.199423847648,-29.60695611982,0.0
node,347,19.862643860061,-39.41799516639,0.0
node,348,19.314662093528,-49.1779290995,0.0
node,349,18.662403133872,-59.04115931973,0.0
node,350,30.219000378302,-9.750916495804,0.0
node,351,30.307048218589,-19.47171953043,0.0
node,352,30.101870785508,-29.13936835903,0.0
node,353,29.56742980633,-38.80138492546,0.0
node,354,28.731722791006,-48.37973132077,0.0
node,355,27.745242649899,-58.09188170866,0.0
node,356,40.180030924312,-9.516303045693,0.0
node,357,40.206030622322,-19.0093182913,0.0
node,358,39.871856176815,-28.44610129232,0.0
node,359,39.128857078334,-37.88257909834,0.0
node,360,38.009182418612,-47.20248186356,0.0
node,361,36.677973430392,-56.6903733399,0.0
node,362,50.071886202112,-9.221240119008,0.0
node,363,49.961684619318,-18.42249034666,0.0
node,364,49.435019382056,-27.56290970954,0.0
node,365,48.431514110027,-36.70300830717,0.0
node,366,46.989934974545,-45.69627828394,0.0
node,367,45.273414193791,-54.88173158405,0.0
node,368,59.998648353389,-8.921699514428,0.0
node,369,59.753790321354,-17.81386230334,0.0
node,370,59.041527099866,-26.63503530244,0.0
node,371,57.798457781629,-35.42816751873,0.0
node,372,56.05828215602,-44.02416142654,0.0
node,373,53.891389451431,-52.73635866997,0.0
node,374,69.891998348806,-8.769903164593,0.0
node,375,69.402138058958,-17.50294269627,0.0
node,376,68.367171986673,-26.14987920429,0.0
node,377,66.739271917774,-34.71325267244,0.0
node,378,64.577946394322,-43.0037926438,0.0
node,379,61.964624618325,-51.13605620066,0.0
node,380,9.1676916459605,-69.5566707918,0.0
node,381,18.23200303511,-68.81371568445,0.0
node,382,27.105989587554,-67.59417866897,0.0
node,383,35.795378762025,-65.83812408838,0.0
node,384,44.099416296654,-63.61440442315,0.0
node,385,52.170174801745,-61.00308236597,0.0
node,386,9.7242044170126,-89.5040450789,0.0
node,387,19.338955345115,-88.25184258629,0.0
node,388,28.756192794522,-86.17901848614,0.0
node,389,37.900085581696,-83.2774498203,0.0
node,390,46.655814093401,-79.60272520232,0.0
node,391,55.090359190328,-75.13402460282,0.0
node,392,9.2708796470585,-79.5760167485,0.0
node,393,18.439242737107,-78.65339477918,0.0
node,394,27.4201339803,-77.11530968742,0.0
node,395,36.171133712881,-74.923464318,0.0
node,396,44.525382386473,-72.13985224598,0.0
node,397,52.522549679526,-68.79921745924,0.0
node,398,63.044483576463,-69.72369454144,0.0
node,399,89.655872331576,-9.563683997821,0.0
node,400,88.487851583813,-19.0616806408,0.0
node,401,86.471087908174,-28.39905582428,0.0
node,402,83.60673294277,-37.50345311699,0.0
node,403,79.948174842786,-46.25646298998,0.0
node,404,75.472106890746,-54.71971416817,0.0
node,405,79.83613494023,-8.975298604886,0.0
node,406,79.087214962072,-17.9060970601,0.0
node,407,77.670896478205,-26.72339539597,0.0
node,408,75.563456338564,-35.38716866412,0.0
node,409,72.821458996126,-43.72900259432,0.0
node,410,69.479763572176,-51.76744466595,0.0
node,411,70.040190230334,-62.7194681723,0.0
node,412,59.470668632345,-58.57541129977,0.0
node,413,59.793890064333,-65.11823984979,0.0
node,414,65.762415292444,-59.12920065022,0.0
node,425,10.452846326765,-99.45218953683,0.0
node,426,20.791169081776,-97.81476007338,0.0
node,427,30.901699437495,-95.10565162952,0.0
node,428,40.67366430758,-91.35454576426,0.0
node,429,50.0,-86.60254037844,0.0
node,430,58.778525229247,-80.90169943749,0.0
node,431,66.913060635886,-74.31448254774,0.0
node,432,74.314482547739,-66.91306063588,0.0
node,433,80.901699437495,-58.77852522925,0.0
node,434,86.602540378444,-50.0,0.0
node,435,91.35454576426,-40.67366430758,0.0
node,436,95.105651629515,-30.90169943749,0.0
node,437,97.81476007338,-20.79116908178,0.0
node,438,99.452189536827,-10.45284632676,0.0
node,439,68.427456364984,-57.87203782949,0.0
node,440,73.27559322294,-61.45074765878,0.0
node,441,72.591109819683,-50.07205380948,0.0
node,442,78.773993723676,-53.25156746246,0.0
node,443,76.111030059159,-41.7908780828,0.0
node,444,83.385816054667,-44.58663870232,0.0
node,445,78.947028586513,-33.20467239236,0.0
node,446,87.144122205068,-35.52539108295,0.0
node,447,81.076399782817,-24.34284942678,0.0
node,448,90.021530373834,-26.12081196752,0.0
node,449,82.470400495372,-15.31435876859,0.0
node,450,91.98616132959,-16.4721779068,0.0
node,451,83.164002423936,-6.179660867569,0.0
node,452,93.036020622801,-6.672176774862,0.0
node,453,61.675657996374,-60.94095059993,0.0
node,454,62.866929644413,-64.65704501381,0.0
node,455,66.665911480894,-68.91921508716,0.0
node,456,58.453641106774,-67.88038395015,0.0
node,457,50.712763752109,-72.02436476934,0.0
node,458,42.450776730918,-75.55534725543,0.0
node,459,33.830451091626,-78.43874127524,0.0
node,460,24.871856503976,-80.64924098425,0.0
node,461,15.68302590976,-82.16041803799,0.0
node,462,6.3316946880237,-83.0266872758,0.0
node,463,61.682634467559,-73.057400564,0.0
node,464,53.508232837659,-78.54614974754,0.0
node,465,44.851966558366,-83.16090513368,0.0
node,466,35.776647561266,-86.93700469023,0.0
node,467,26.33228252571,-89.84550423398,0.0
node,468,16.618109614634,-91.85688257952,0.0
node,469,6.7256835812593,-92.98541153858,0.0
node,470,57.144911166141,-61.56557783851,0.0
node,471,49.597380259308,-64.47223474945,0.0
node,472,41.473392481718,-67.1974602525,0.0
node,473,33.024167354154,-69.45192235845,0.0
node,474,24.252708867655,-71.17440134695,0.0
node,475,15.279645806059,-72.34126041848,0.0
node,476,6.1461904310063,-73.0442291801,0.0
node,477,55.17741096184,-57.4382841119,0.0
node,478,57.304765408592,-49.29885876572,0.0
node,479,59.478228777324,-40.81870719635,0.0
node,480,61.193085599756,-32.25881849787,0.0
node,481,62.387496469298,-23.53292560336,0.0
node,482,66.349308909706,-14.69556938807,0.0
node,483,66.630215567398,-5.897200893007,0.0
node,484,47.181001764064,-59.83307279106,0.0
node,485,48.718246206589,-51.10478951265,0.0
node,486,50.493243746864,-42.14114933922,0.0
node,487,51.88833042457,-33.23136184515,0.0
node,488,52.812743700413,-24.20681178621,0.0
node,489,56.571374431354,-15.05268405481,0.0
node,490,56.690178185167,-6.047646544479,0.0
node,491,38.857589496357,-62.04763395048,0.0
node,492,39.986856680932,-52.92486226251,0.0
node,493,41.375991490497,-43.59377974861,0.0
node,494,42.477409121725,-34.34389623261,0.0
node,495,43.170968727064,-25.00610976439,0.0
node,496,46.746533814584,-15.55101625232,0.0
node,497,46.750639042141,-6.245847721567,0.0
node,498,30.215536999826,-63.841394822,0.0
node,499,31.051646290432,-54.38732878978,0.0
node,500,32.102778338649,-44.79453270327,0.0
node,501,32.93271922339,-35.27444412761,0.0
node,502,36.726585861548,-25.53159598088,0.0
node,503,36.897703255074,-15.99911362247,0.0
node,504,36.799677100872,-6.422406513832,0.0
node,505,21.333465252179,-65.14968455772,0.0
node,506,21.9074359591,-55.43699004263,0.0
node,507,22.636342914865,-45.65855186222,0.0
node,508,23.20983250468,-35.94211207056,0.0
node,509,26.869447617248,-26.07268133642,0.0
node,510,26.943863738556,-16.33594208815,0.0
node,511,26.807315046742,-6.554736114274,0.0
node,512,12.26068115886,-65.99210440341,0.0
node,513,12.582987472339,-56.09933140767,0.0
node,514,16.293838813742,-46.0822774784,0.0
node,515,16.679471264555,-36.26378084509,0.0
node,516,16.881353137019,-26.41824810775,0.0
node,517,16.897517263794,-16.54925702034,0.0
node,518,16.774823802809,-6.637000235781,0.0
node,519,6.1833468138233,-66.38753250859,0.0
node,520,6.3621864277151,-56.41894496776,0.0
node,521,6.5601855245302,-46.47243313945,0.0
node,522,6.7051463435287,-36.54299640476,0.0
node,523,6.7743857851046,-26.60396231367,0.0
node,524,6.7685303523956,-16.6489992787,0.0
node,525,6.7071755488348,-6.665902953441,0.0
node,526,62.399236181038,-56.28022271688,0.0
node,527,65.340778194941,-48.63576450347,0.0
node,528,68.046225769408,-40.48201597018,0.0
node,529,70.223300081004,-32.08343351362,0.0
node,530,75.041761142317,-23.59312388678,0.0
node,531,76.108495987087,-14.79477945375,0.0
node,532,76.576044429679,-5.915067256493,0.0
node,533,73.297332782935,-2.923301054864,0.0
node,534,73.043423782665,-11.74938148858,0.0
node,535,72.285508335901,-20.51963965355,0.0
node,536,73.867174934481,-29.42014775479,0.0
node,537,71.708062417488,-37.94314131029,0.0
node,538,68.959722987542,-46.16674663469,0.0
node,539,65.735601160982,-54.01090050561,0.0
node,540,3.3333333333333,-3.333333333333,0.0
node,541,3.3738422155014,-13.33256962011,0.0
node,542,3.3946881368941,-23.3164296586,0.0
node,543,3.3796976482105,-33.28753265507,0.0
node,544,3.3254486953182,-43.25546374968,0.0
node,545,3.234736829212,-53.21696938977,0.0
node,546,3.1274495985031,-63.20197557799,0.0
node,547,13.373842215501,-3.332569620108,0.0
node,548,13.502845273037,-13.28676322771,0.0
node,549,13.542899991364,-23.19902572641,0.0
node,550,13.438287626078,-33.0786484447,0.0
node,551,13.181066811217,-42.94509819492,0.0
node,552,15.893758571679,-52.62333219617,0.0
node,553,15.425584988164,-62.48693391272,0.0
node,554,23.400981587308,-3.304430615673,0.0
node,555,23.575829253001,-13.14979952701,0.0
node,556,23.604004895005,-22.95462196282,0.0
node,557,26.622908146495,-32.51590313477,0.0
node,558,26.053932152466,-42.19970380421,0.0
node,559,25.263875844811,-51.88318070964,0.0
node,560,24.504545123775,-61.57573989912,0.0
node,561,33.406333459434,-3.250305498601,0.0
node,562,33.568693173734,-12.91297969064,0.0
node,563,33.538316542139,-22.54013539358,0.0
node,564,36.367528013552,-31.82268291656,0.0
node,565,35.568489767758,-41.29548196246,0.0
node,566,34.47295954667,-50.75752884141,0.0
node,567,33.406198280772,-60.20679304565,0.0
node,568,43.393343641438,-3.172101015231,0.0
node,569,43.485982582915,-12.582287152,0.0
node,570,46.534244874565,-21.66490611583,0.0
node,571,45.912796556299,-30.90400643634,0.0
node,572,44.850102054302,-40.09395522982,0.0
node,573,43.424177195649,-49.26016391052,0.0
node,574,42.016934640279,-58.3955031157,0.0
node,575,53.357295400704,-3.073746706336,0.0
node,576,53.344073058273,-12.18847666003,0.0
node,577,56.252334013513,-20.95712931748,0.0
node,578,55.425001421183,-29.87537084357,0.0
node,579,54.096084682558,-38.71844575081,0.0
node,580,52.313202193998,-47.48559946015,0.0
node,581,50.444992815656,-56.20705754,0.0
node,582,63.332882784463,-2.973899838143,0.0
node,583,63.214812341183,-11.83515499412,0.0
node,584,65.841033455662,-20.48889473463,0.0
node,585,64.715990334771,-29.16605572639,0.0
node,586,63.038558697908,-37.71507094499,0.0
node,587,60.866951056222,-46.05467009033,0.0
node,588,58.442227567367,-54.14927539013,0.0
node,589,3.0902932156862,-76.52533891617,0.0
node,590,12.292604676709,-75.9286941065,0.0
node,591,21.363793250839,-74.86080671702,0.0
node,592,30.232419093578,-73.2109842248,0.0
node,593,38.83063162046,-70.96714688412,0.0
node,594,47.049116120884,-68.18449137612,0.0
node,595,54.828871515201,-64.973513225,0.0
node,596,3.4842821089218,-96.48406317894,0.0
node,597,13.656073275185,-95.59033156304,0.0
node,598,23.677274621462,-93.72408476306,0.0
node,599,33.443852179866,-90.87973862664,0.0
node,600,42.857916629759,-87.07817865433,0.0
node,601,51.811446440883,-82.36898833942,0.0
node,602,60.26064835182,-76.78340219602,0.0
node,603,3.2414014723375,-86.50134835963,0.0
node,604,12.778013136395,-85.77730147123,0.0
node,605,22.178130292248,-84.3614186172,0.0
node,606,31.35880411884,-82.19059266462,0.0
node,607,40.242344462659,-79.2678797802,0.0
node,608,48.757185223401,-75.62553401704,0.0
node,609,56.885797482106,-71.21897886783,0.0
node,610,70.422577804653,-67.98233711864,0.0
node,611,66.28236303308,-63.85745445465,0.0
node,612,96.484063178942,-3.484282108922,0.0
node,613,86.551957443859,-3.18789466594,0.0
node,614,95.640940647261,-13.60256646879,0.0
node,615,85.993286285206,-12.5335544145,0.0
node,616,93.802754428903,-23.58484972002,0.0
node,617,84.682051484686,-21.78894450839,0.0
node,618,90.97709510065,-33.32480652312,0.0
node,619,82.582905776383,-30.87530144575,0.0
node,620,87.187939695158,-42.72570580819,0.0
node,621,79.706121374706,-39.7156949237,0.0
node,622,82.484138219575,-51.67832940641,0.0
node,623,76.08058024322,-48.23505991749,0.0
node,624,76.896096291994,-60.1371000111,0.0
node,625,71.664020231085,-56.40220900214,0.0
node,626,-71.66402023108,-56.40220900214,0.0
node,627,-76.89609629199,-60.1371000111,0.0
node,628,-76.08058024322,-48.23505991749,0.0
node,629,-82.48413821957,-51.67832940641,0.0
node,630,-79.70612137471,-39.7156949237,0.0
node,631,-87.18793969516,-42.72570580819,0.0
node,632,-82.58290577638,-30.87530144575,0.0
node,633,-90.97709510065,-33.32480652312,0.0
node,634,-84.68205148469,-21.78894450839,0.0
node,635,-93.8027544289,-23.58484972002,0.0
node,636,-85.99328628521,-12.5335544145,0.0
node,637,-95.64094064726,-13.60256646879,0.0
node,638,-86.55195744386,-3.18789466594,0.0
node,639,-96.48406317894,-3.484282108922,0.0
node,640,-66.28236303308,-63.85745445465,0.0
node,641,-70.42257780465,-67.98233711864,0.0
node,642,-56.8857974821,-71.21897886783,0.0
node,643,-48.7571852234,-75.62553401704,0.0
node,644,-40.24234446266,-79.2678797802,0.0
node,645,-31.35880411884,-82.19059266462,0.0
node,646,-22.17813029225,-84.3614186172,0.0
node,647,-12.7780131364,-85.77730147123,0.0
node,648,-3.241401472338,-86.50134835963,0.0
node,649,-60.26064835182,-76.78340219602,0.0
node,650,-51.81144644088,-82.36898833942,0.0
node,651,-42.85791662976,-87.07817865433,0.0
node,652,-33.44385217986,-90.87973862664,0.0
node,653,-23.67727462146,-93.72408476306,0.0
node,654,-13.65607327518,-95.59033156304,0.0
node,655,-3.484282108922,-96.48406317894,0.0
node,656,-54.8288715152,-64.973513225,0.0
node,657,-47.04911612088,-68.18449137612,0.0
node,658,-38.83063162046,-70.96714688412,0.0
node,659,-30.23241909358,-73.2109842248,0.0
node,660,-21.36379325084,-74.86080671702,0.0
node,661,-12.29260467671,-75.9286941065,0.0
node,662,-3.090293215686,-76.52533891617,0.0
node,663,-58.44222756737,-54.14927539013,0.0
node,664,-60.86695105622,-46.05467009033,0.0
node,665,-63.03855869791,-37.71507094499,0.0
node,666,-64.71599033477,-29.16605572639,0.0
node,667,-65.84103345566,-20.48889473463,0.0
node,668,-63.21481234118,-11.83515499412,0.0
node,669,-63.33288278446,-2.973899838142,0.0
node,670,-50.44499281566,-56.20705754,0.0
node,671,-52.313202194,-47.48559946015,0.0
node,672,-54.09608468256,-38.71844575081,0.0
node,673,-55.42500142118,-29.87537084357,0.0
node,674,-56.25233401351,-20.95712931748,0.0
node,675,-53.34407305827,-12.18847666003,0.0
node,676,-53.3572954007,-3.073746706336,0.0
node,677,-42.01693464028,-58.3955031157,0.0
node,678,-43.42417719565,-49.26016391052,0.0
node,679,-44.8501020543,-40.09395522982,0.0
node,680,-45.9127965563,-30.90400643634,0.0
node,681,-46.53424487456,-21.66490611583,0.0
node,682,-43.48598258292,-12.582287152,0.0
node,683,-43.39334364144,-3.172101015231,0.0
node,684,-33.40619828077,-60.20679304565,0.0
node,685,-34.47295954667,-50.75752884141,0.0
node,686,-35.56848976776,-41.29548196246,0.0
node,687,-36.36752801355,-31.82268291656,0.0
node,688,-33.53831654214,-22.54013539358,0.0
node,689,-33.56869317373,-12.91297969064,0.0
node,690,-33.40633345943,-3.250305498601,0.0
node,691,-24.50454512378,-61.57573989912,0.0
node,692,-25.26387584481,-51.88318070964,0.0
node,693,-26.05393215246,-42.19970380421,0.0
node,694,-26.6229081465,-32.51590313477,0.0
node,695,-23.604004895,-22.95462196282,0.0
node,696,-23.575829253,-13.14979952701,0.0
node,697,-23.40098158731,-3.304430615673,0.0
node,698,-15.42558498816,-62.48693391272,0.0
node,699,-15.89375857168,-52.62333219617,0.0
node,700,-13.18106681122,-42.94509819492,0.0
node,701,-13.43828762608,-33.0786484447,0.0
node,702,-13.54289999136,-23.19902572641,0.0
node,703,-13.50284527304,-13.28676322771,0.0
node,704,-13.3738422155,-3.332569620108,0.0
node,705,-3.127449598503,-63.20197557799,0.0
node,706,-3.234736829212,-53.21696938977,0.0
node,707,-3.325448695318,-43.25546374968,0.0
node,708,-3.37969764821,-33.28753265507,0.0
node,709,-3.394688136894,-23.3164296586,0.0
node,710,-3.373842215501,-13.33256962011,0.0
node,711,-3.333333333333,-3.333333333333,0.0
node,712,-65.73560116098,-54.01090050561,0.0
node,713,-68.95972298754,-46.16674663469,0.0
node,714,-71.70806241749,-37.94314131029,0.0
node,715,-73.86717493448,-29.42014775479,0.0
node,716,-72.2855083359,-20.51963965355,0.0
node,717,-73.04342378266,-11.74938148858,0.0
node,718,-73.29733278294,-2.923301054864,0.0
node,719,-76.57604442968,-5.915067256493,0.0
node,720,-76.10849598709,-14.79477945375,0.0
node,721,-75.04176114232,-23.59312388678,0.0
node,722,-70.223300081,-32.08343351362,0.0
node,723,-68.04622576941,-40.48201597018,0.0
node,724,-65.34077819494,-48.63576450347,0.0
node,725,-62.39923618104,-56.28022271688,0.0
node,726,-6.707175548835,-6.665902953441,0.0
node,727,-6.768530352396,-16.6489992787,0.0
node,728,-6.774385785105,-26.60396231367,0.0
node,729,-6.705146343529,-36.54299640476,0.0
node,730,-6.56018552453,-46.47243313945,0.0
node,731,-6.362186427715,-56.41894496776,0.0
node,732,-6.183346813823,-66.38753250859,0.0
node,733,-16.77482380281,-6.637000235781,0.0
node,734,-16.89751726379,-16.54925702034,0.0
node,735,-16.88135313702,-26.41824810775,0.0
node,736,-16.67947126455,-36.26378084509,0.0
node,737,-16.29383881374,-46.0822774784,0.0
node,738,-12.58298747234,-56.09933140767,0.0
node,739,-12.26068115886,-65.99210440341,0.0
node,740,-26.80731504674,-6.554736114274,0.0
node,741,-26.94386373856,-16.33594208815,0.0
node,742,-26.86944761725,-26.07268133642,0.0
node,743,-23.20983250468,-35.94211207056,0.0
node,744,-22.63634291486,-45.65855186222,0.0
node,745,-21.9074359591,-55.43699004263,0.0
node,746,-21.33346525218,-65.14968455772,0.0
node,747,-36.79967710087,-6.422406513832,0.0
node,748,-36.89770325507,-15.99911362247,0.0
node,749,-36.72658586155,-25.53159598088,0.0
node,750,-32.93271922339,-35.27444412761,0.0
node,751,-32.10277833865,-44.79453270327,0.0
node,752,-31.05164629043,-54.38732878978,0.0
node,753,-30.21553699983,-63.841394822,0.0
node,754,-46.75063904214,-6.245847721567,0.0
node,755,-46.74653381458,-15.55101625232,0.0
node,756,-43.17096872706,-25.00610976439,0.0
node,757,-42.47740912172,-34.34389623261,0.0
node,758,-41.3759914905,-43.59377974861,0.0
node,759,-39.98685668093,-52.92486226251,0.0
node,760,-38.85758949636,-62.04763395048,0.0
node,761,-56.69017818517,-6.047646544479,0.0
node,762,-56.57137443135,-15.05268405481,0.0
node,763,-52.81274370041,-24.20681178621,0.0
node,764,-51.88833042457,-33.23136184515,0.0
node,765,-50.49324374686,-42.14114933922,0.0
node,766,-48.71824620659,-51.10478951265,0.0
node,767,-47.18100176406,-59.83307279106,0.0
node,768,-66.6302155674,-5.897200893007,0.0
node,769,-66.34930890971,-14.69556938807,0.0
node,770,-62.3874964693,-23.53292560336,0.0
node,771,-61.19308559976,-32.25881849787,0.0
node,772,-59.47822877732,-40.81870719635,0.0
node,773,-57.30476540859,-49.29885876572,0.0
node,774,-55.17741096184,-57.4382841119,0.0
node,775,-6.146190431006,-73.0442291801,0.0
node,776,-15.27964580606,-72.34126041848,0.0
node,777,-24.25270886765,-71.17440134695,0.0
node,778,-33.02416735415,-69.45192235845,0.0
node,779,-41.47339248172,-67.1974602525,0.0
node,780,-49.59738025931,-64.47223474945,0.0
node,781,-57.14491116614,-61.56557783851,0.0
node,782,-6.725683581259,-92.98541153858,0.0
node,783,-16.61810961463,-91.85688257952,0.0
node,784,-26.33228252571,-89.84550423398,0.0
node,785,-35.77664756127,-86.93700469023,0.0
node,786,-44.85196655836,-83.16090513368,0.0
node,787,-53.50823283766,-78.54614974754,0.0
node,788,-61.68263446756,-73.057400564,0.0
node,789,-6.331694688024,-83.0266872758,0.0
node,790,-15.68302590976,-82.16041803799,0.0
node,791,-24.87185650398,-80.64924098425,0.0
node,792,-33.83045109162,-78.43874127524,0.0
node,793,-42.45077673092,-75.55534725543,0.0
node,794,-50.71276375211,-72.02436476934,0.0
node,795,-58.45364110677,-67.88038395015,0.0
node,796,-66.66591148089,-68.91921508716,0.0
node,797,-62.86692964441,-64.65704501381,0.0
node,798,-61.67565799637,-60.94095059993,0.0
node,799,-93.0360206228,-6.672176774862,0.0
node,800,-83.16400242394,-6.179660867569,0.0
node,801,-91.98616132959,-16.4721779068,0.0
node,802,-82.47040049537,-15.31435876859,0.0
node,803,-90.02153037383,-26.12081196752,0.0
node,804,-81.07639978282,-24.34284942678,0.0
node,805,-87.14412220507,-35.52539108295,0.0
node,806,-78.94702858651,-33.20467239236,0.0
node,807,-83.38581605467,-44.58663870232,0.0
node,808,-76.11103005916,-41.7908780828,0.0
node,809,-78.77399372368,-53.25156746246,0.0
node,810,-72.59110981968,-50.07205380948,0.0
node,811,-73.27559322294,-61.45074765878,0.0
node,812,-68.42745636498,-57.87203782949,0.0
node,813,-68.42745636498,57.872037829492,0.0
node,814,-73.27559322294,61.450747658785,0.0
node,815,-72.59110981968,50.072053809479,0.0
node,816,-78.77399372368,53.251567462465,0.0
node,817,-76.11103005916,41.790878082805,0.0
node,818,-83.38581605467,44.586638702324,0.0
node,819,-78.94702858651,33.204672392359,0.0
node,820,-87.14412220507,35.525391082951,0.0
node,821,-81.07639978282,24.342849426783,0.0
node,822,-90.02153037383,26.120811967526,0.0
node,823,-82.47040049537,15.314358768594,0.0
node,824,-91.98616132959,16.472177906799,0.0
node,825,-83.16400242394,6.1796608675691,0.0
node,826,-93.0360206228,6.6721767748622,0.0
node,827,-61.67565799637,60.940950599926,0.0
node,828,-62.86692964441,64.657045013815,0.0
node,829,-66.66591148089,68.91921508716,0.0
node,830,-58.45364110677,67.880383950154,0.0
node,831,-50.71276375211,72.024364769344,0.0
node,832,-42.45077673092,75.555347255433,0.0
node,833,-33.83045109162,78.438741275238,0.0
node,834,-24.87185650398,80.649240984248,0.0
node,835,-15.68302590976,82.160418037993,0.0
node,836,-6.331694688024,83.026687275803,0.0
node,837,-61.68263446756,73.057400563999,0.0
node,838,-53.50823283766,78.546149747544,0.0
node,839,-44.85196655836,83.160905133686,0.0
node,840,-35.77664756127,86.937004690233,0.0
node,841,-26.33228252571,89.845504233982,0.0
node,842,-16.61810961463,91.856882579524,0.0
node,843,-6.725683581259,92.985411538577,0.0
node,844,-57.14491116614,61.565577838511,0.0
node,845,-49.59738025931,64.472234749453,0.0
node,846,-41.47339248172,67.197460252504,0.0
node,847,-33.02416735415,69.451922358453,0.0
node,848,-24.25270886765,71.174401346947,0.0
node,849,-15.27964580606,72.341260418478,0.0
node,850,-6.146190431006,73.0442291801,0.0
node,851,-55.17741096184,57.438284111906,0.0
node,852,-57.30476540859,49.298858765722,0.0
node,853,-59.47822877732,40.818707196354,0.0
node,854,-61.19308559976,32.258818497872,0.0
node,855,-62.3874964693,23.532925603357,0.0
node,856,-66.34930890971,14.695569388067,0.0
node,857,-66.6302155674,5.897200893007,0.0
node,858,-47.18100176406,59.833072791059,0.0
node,859,-48.71824620659,51.104789512654,0.0
node,860,-50.49324374686,42.141149339216,0.0
node,861,-51.88833042457,33.231361845148,0.0
node,862,-52.81274370041,24.206811786214,0.0
node,863,-56.57137443135,15.052684054808,0.0
node,864,-56.69017818517,6.0476465444786,0.0
node,865,-38.85758949636,62.047633950479,0.0
node,866,-39.98685668093,52.924862262506,0.0
node,867,-41.3759914905,43.593779748614,0.0
node,868,-42.47740912172,34.343896232613,0.0
node,869,-43.17096872706,25.006109764389,0.0
node,870,-46.74653381458,15.551016252321,0.0
node,871,-46.75063904214,6.245847721567,0.0
node,872,-30.21553699983,63.841394822004,0.0
node,873,-31.05164629043,54.387328789778,0.0
node,874,-32.10277833865,44.794532703267,0.0
node,875,-32.93271922339,35.274444127612,0.0
node,876,-36.72658586155,25.531595980884,0.0
node,877,-36.89770325507,15.999113622474,0.0
node,878,-36.79967710087,6.4224065138322,0.0
node,879,-21.33346525218,65.149684557718,0.0
node,880,-21.9074359591,55.436990042627,0.0
node,881,-22.63634291486,45.658551862221,0.0
node,882,-23.20983250468,35.942112070558,0.0
node,883,-26.86944761725,26.072681336424,0.0
node,884,-26.94386373856,16.335942088148,0.0
node,885,-26.80731504674,6.5547361142742,0.0
node,886,-12.26068115886,65.992104403409,0.0
node,887,-12.58298747234,56.099331407669,0.0
node,888,-16.29383881374,46.082277478396,0.0
node,889,-16.67947126455,36.263780845088,0.0
node,890,-16.88135313702,26.418248107748,0.0
node,891,-16.89751726379,16.549257020341,0.0
node,892,-16.77482380281,6.6370002357811,0.0
node,893,-6.183346813823,66.387532508591,0.0
node,894,-6.362186427715,56.418944967759,0.0
node,895,-6.56018552453,46.472433139452,0.0
node,896,-6.705146343529,36.542996404758,0.0
node,897,-6.774385785105,26.60396231367,0.0
node,898,-6.768530352396,16.648999278706,0.0
node,899,-6.707175548835,6.6659029534414,0.0
node,900,-62.39923618104,56.280222716884,0.0
node,901,-65.34077819494,48.63576450347,0.0
node,902,-68.04622576941,40.482015970185,0.0
node,903,-70.223300081,32.083433513616,0.0
node,904,-75.04176114232,23.593123886785,0.0
node,905,-76.10849598709,14.79477945375,0.0
node,906,-76.57604442968,5.915067256493,0.0
node,907,-73.29733278294,2.9233010548644,0.0
node,908,-73.04342378266,11.749381488582,0.0
node,909,-72.2855083359,20.519639653551,0.0
node,910,-73.86717493448,29.420147754791,0.0
node,911,-71.70806241749,37.943141310292,0.0
node,912,-68.95972298754,46.166746634688,0.0
node,913,-65.73560116098,54.010900505611,0.0
node,914,-3.333333333333,3.3333333333333,0.0
node,915,-3.373842215501,13.332569620108,0.0
node,916,-3.394688136894,23.316429658598,0.0
node,917,-3.37969764821,33.287532655073,0.0
node,918,-3.325448695318,43.255463749685,0.0
node,919,-3.234736829212,53.216969389767,0.0
node,920,-3.127449598503,63.201975577992,0.0
node,921,-13.3738422155,3.3325696201081,0.0
node,922,-13.50284527304,13.286763227712,0.0
node,923,-13.54289999136,23.199025726408,0.0
node,924,-13.43828762608,33.078648444696,0.0
node,925,-13.18106681122,42.945098194916,0.0
node,926,-15.89375857168,52.623332196175,0.0
node,927,-15.42558498816,62.486933912719,0.0
node,928,-23.40098158731,3.304430615673,0.0
node,929,-23.575829253,13.149799527011,0.0
node,930,-23.604004895,22.954621962819,0.0
node,931,-26.6229081465,32.515903134769,0.0
node,932,-26.05393215246,42.199703804211,0.0
node,933,-25.26387584481,51.883180709642,0.0
node,934,-24.50454512378,61.575739899119,0.0
node,935,-33.40633345943,3.2503054986012,0.0
node,936,-33.56869317373,12.912979690642,0.0
node,937,-33.53831654214,22.540135393585,0.0
node,938,-36.36752801355,31.822682916564,0.0
node,939,-35.56848976776,41.295481962457,0.0
node,940,-34.47295954667,50.757528841413,0.0
node,941,-33.40619828077,60.206793045648,0.0
node,942,-43.39334364144,3.172101015231,0.0
node,943,-43.48598258292,12.582287152,0.0
node,944,-46.53424487456,21.664906115832,0.0
node,945,-45.9127965563,30.904006436346,0.0
node,946,-44.8501020543,40.093955229818,0.0
node,947,-43.42417719565,49.260163910518,0.0
node,948,-42.01693464028,58.395503115702,0.0
node,949,-53.3572954007,3.073746706336,0.0
node,950,-53.34407305827,12.188476660031,0.0
node,951,-56.25233401351,20.95712931748,0.0
node,952,-55.42500142118,29.875370843572,0.0
node,953,-54.09608468256,38.718445750813,0.0
node,954,-52.313202194,47.485599460149,0.0
node,955,-50.44499281566,56.207057539999,0.0
node,956,-63.33288278446,2.9738998381426,0.0
node,957,-63.21481234118,11.83515499412,0.0
node,958,-65.84103345566,20.488894734632,0.0
node,959,-64.71599033477,29.166055726391,0.0
node,960,-63.03855869791,37.71507094499,0.0
node,961,-60.86695105622,46.054670090331,0.0
node,962,-58.44222756737,54.149275390135,0.0
node,963,-3.090293215686,76.525338916168,0.0
node,964,-12.29260467671,75.928694106496,0.0
node,965,-21.36379325084,74.860806717018,0.0
node,966,-30.23241909358,73.210984224797,0.0
node,967,-38.83063162046,70.967146884121,0.0
node,968,-47.04911612088,68.184491376122,0.0
node,969,-54.8288715152,64.973513224999,0.0
node,970,-3.484282108922,96.484063178942,0.0
node,971,-13.65607327518,95.590331563037,0.0
node,972,-23.67727462146,93.724084763062,0.0
node,973,-33.44385217986,90.879738626639,0.0
node,974,-42.85791662976,87.078178654333,0.0
node,975,-51.81144644088,82.368988339419,0.0
node,976,-60.26064835182,76.783402196018,0.0
node,977,-3.241401472338,86.501348359635,0.0
node,978,-12.7780131364,85.777301471232,0.0
node,979,-22.17813029225,84.361418617206,0.0
node,980,-31.35880411884,82.190592664618,0.0
node,981,-40.24234446266,79.267879780205,0.0
node,982,-48.7571852234,75.625534017038,0.0
node,983,-56.8857974821,71.218978867831,0.0
node,984,-70.42257780465,67.982337118642,0.0
node,985,-66.28236303308,63.857454454653,0.0
node,986,-96.48406317894,3.4842821089218,0.0
node,987,-86.55195744386,3.1878946659404,0.0
node,988,-95.64094064726,13.602566468788,0.0
node,989,-85.99328628521,12.533554414502,0.0
node,990,-93.8027544289,23.584849720023,0.0
node,991,-84.68205148469,21.788944508393,0.0
node,992,-90.97709510065,33.324806523119,0.0
node,993,-82.58290577638,30.875301445748,0.0
node,994,-87.18793969516,42.72570580819,0.0
node,995,-79.70612137471,39.715694923696,0.0
node,996,-82.48413821957,51.67832940641,0.0
node,997,-76.08058024322,48.235059917488,0.0
node,998,-76.89609629199,60.1371000111,0.0
node,999,-71.66402023108,56.402209002141,0.0
node,1000,71.664020231085,56.402209002141,0.0
node,1001,76.896096291994,60.1371000111,0.0
node,1002,76.08058024322,48.235059917488,0.0
node,1003,82.484138219575,51.67832940641,0.0
node,1004,79.706121374706,39.715694923696,0.0
node,1005,87.187939695158,42.72570580819,0.0
node,1006,82.582905776383,30.875301445748,0.0
node,1007,90.97709510065,33.324806523119,0.0
node,1008,84.682051484686,21.788944508393,0.0
node,1009,93.802754428903,23.584849720023,0.0
node,1010,85.993286285206,12.533554414502,0.0
node,1011,95.640940647261,13.602566468788,0.0
node,1012,86.551957443859,3.1878946659404,0.0
node,1013,96.484063178942,3.4842821089218,0.0
node,1014,66.28236303308,63.857454454653,0.0
node,1015,70.422577804653,67.982337118642,0.0
node,1016,56.885797482106,71.218978867831,0.0
node,1017,48.757185223401,75.625534017038,0.0
node,1018,40.242344462659,79.267879780205,0.0
node,1019,31.35880411884,82.190592664618,0.0
node,1020,22.178130292248,84.361418617206,0.0
node,1021,12.778013136395,85.777301471232,0.0
node,1022,3.2414014723375,86.501348359635,0.0
node,1023,60.26064835182,76.783402196018,0.0
node,1024,51.811446440883,82.368988339418,0.0
node,1025,42.857916629759,87.078178654333,0.0
node,1026,33.443852179866,90.879738626639,0.0
node,1027,23.677274621462,93.724084763062,0.0
node,1028,13.656073275185,95.590331563037,0.0
node,1029,3.4842821089218,96.484063178942,0.0
node,1030,54.828871515201,64.973513224999,0.0
node,1031,47.049116120884,68.184491376122,0.0
node,1032,38.83063162046,70.967146884121,0.0
node,1033,30.232419093578,73.210984224797,0.0
node,1034,21.363793250839,74.860806717018,0.0
node,1035,12.292604676709,75.928694106496,0.0
node,1036,3.0902932156861,76.525338916168,0.0
node,1037,58.442227567367,54.149275390135,0.0
node,1038,60.866951056222,46.054670090331,0.0
node,1039,63.038558697908,37.71507094499,0.0
node,1040,64.715990334771,29.166055726391,0.0
node,1041,65.841033455662,20.488894734632,0.0
node,1042,63.214812341183,11.83515499412,0.0
node,1043,63.332882784463,2.9738998381426,0.0
node,1044,50.444992815656,56.207057539999,0.0
node,1045,52.313202193998,47.485599460149,0.0
node,1046,54.096084682558,38.718445750813,0.0
node,1047,55.425001421183,29.875370843572,0.0
node,1048,56.252334013513,20.95712931748,0.0
node,1049,53.344073058273,12.188476660031,0.0
node,1050,53.357295400704,3.073746706336,0.0
node,1051,42.016934640279,58.395503115702,0.0
node,1052,43.424177195649,49.260163910518,0.0
node,1053,44.850102054302,40.093955229818,0.0
node,1054,45.912796556299,30.904006436346,0.0
node,1055,46.534244874565,21.664906115832,0.0
node,1056,43.485982582915,12.582287152,0.0
node,1057,43.393343641438,3.172101015231,0.0
node,1058,33.406198280772,60.206793045648,0.0
node,1059,34.47295954667,50.757528841413,0.0
node,1060,35.568489767758,41.295481962457,0.0
node,1061,36.367528013552,31.822682916564,0.0
node,1062,33.538316542139,22.540135393585,0.0
node,1063,33.568693173734,12.912979690642,0.0
node,1064,33.406333459434,3.2503054986012,0.0
node,1065,24.504545123775,61.575739899119,0.0
node,1066,25.263875844811,51.883180709642,0.0
node,1067,26.053932152466,42.199703804211,0.0
node,1068,26.622908146495,32.515903134769,0.0
node,1069,23.604004895005,22.954621962819,0.0
node,1070,23.575829253001,13.149799527011,0.0
node,1071,23.400981587308,3.304430615673,0.0
node,1072,15.425584988164,62.486933912719,0.0
node,1073,15.893758571679,52.623332196175,0.0
node,1074,13.181066811217,42.945098194916,0.0
node,1075,13.438287626078,33.078648444696,0.0
node,1076,13.542899991364,23.199025726408,0.0
node,1077,13.502845273037,13.286763227712,0.0
node,1078,13.373842215501,3.3325696201081,0.0
node,1079,3.1274495985031,63.201975577993,0.0
node,1080,3.234736829212,53.216969389767,0.0
node,1081,3.3254486953182,43.255463749685,0.0
node,1082,3.3796976482104,33.287532655073,0.0
node,1083,3.3946881368941,23.316429658598,0.0
node,1084,3.3738422155014,13.332569620108,0.0
node,1085,3.3333333333333,3.3333333333333,0.0
node,1086,65.735601160982,54.010900505611,0.0
node,1087,68.959722987542,46.166746634688,0.0
node,1088,71.708062417488,37.943141310292,0.0
node,1089,73.867174934481,29.420147754791,0.0
node,1090,72.285508335901,20.519639653551,0.0
node,1091,73.043423782665,11.749381488582,0.0
node,1092,73.297332782935,2.9233010548644,0.0
node,1093,76.576044429679,5.915067256493,0.0
node,1094,76.108495987087,14.79477945375,0.0
node,1095,75.041761142317,23.593123886785,0.0
node,1096,70.223300081004,32.083433513616,0.0
node,1097,68.046225769407,40.482015970185,0.0
node,1098,65.340778194941,48.63576450347,0.0
node,1099,62.399236181038,56.280222716884,0.0
node,1100,6.7071755488347,6.6659029534414,0.0
node,1101,6.7685303523956,16.648999278706,0.0
node,1102,6.7743857851046,26.60396231367,0.0
node,1103,6.7051463435287,36.542996404758,0.0
node,1104,6.5601855245302,46.472433139452,0.0
node,1105,6.3621864277151,56.418944967759,0.0
node,1106,6.1833468138232,66.387532508591,0.0
node,1107,16.774823802809,6.6370002357811,0.0
node,1108,16.897517263794,16.549257020341,0.0
node,1109,16.881353137019,26.418248107748,0.0
node,1110,16.679471264555,36.263780845088,0.0
node,1111,16.293838813742,46.082277478396,0.0
node,1112,12.582987472339,56.099331407669,0.0
node,1113,12.26068115886,65.992104403409,0.0
node,1114,26.807315046742,6.5547361142742,0.0
node,1115,26.943863738556,16.335942088148,0.0
node,1116,26.869447617248,26.072681336424,0.0
node,1117,23.20983250468,35.942112070558,0.0
node,1118,22.636342914865,45.658551862221,0.0
node,1119,21.9074359591,55.436990042627,0.0
node,1120,21.333465252179,65.149684557718,0.0
node,1121,36.799677100872,6.4224065138322,0.0
node,1122,36.897703255074,15.999113622474,0.0
node,1123,36.726585861548,25.531595980884,0.0
node,1124,32.93271922339,35.274444127612,0.0
node,1125,32.102778338649,44.794532703267,0.0
node,1126,31.051646290432,54.387328789778,0.0
node,1127,30.215536999826,63.841394822004,0.0
node,1128,46.750639042141,6.245847721567,0.0
node,1129,46.746533814584,15.551016252321,0.0
node,1130,43.170968727064,25.006109764389,0.0
node,1131,42.477409121725,34.343896232613,0.0
node,1132,41.375991490497,43.593779748614,0.0
node,1133,39.986856680932,52.924862262506,0.0
node,1134,38.857589496357,62.047633950479,0.0
node,1135,56.690178185167,6.0476465444786,0.0
node,1136,56.571374431354,15.052684054808,0.0
node,1137,52.812743700413,24.206811786214,0.0
node,1138,51.88833042457,33.231361845148,0.0
node,1139,50.493243746864,42.141149339216,0.0
node,1140,48.718246206589,51.104789512654,0.0
node,1141,47.181001764064,59.833072791059,0.0
node,1142,66.630215567398,5.897200893007,0.0
node,1143,66.349308909706,14.695569388067,0.0
node,1144,62.387496469298,23.532925603357,0.0
node,1145,61.193085599756,32.258818497872,0.0
node,1146,59.478228777324,40.818707196354,0.0
node,1147,57.304765408592,49.298858765722,0.0
node,1148,55.17741096184,57.438284111906,0.0
node,1149,6.1461904310063,73.0442291801,0.0
node,1150,15.279645806059,72.341260418478,0.0
node,1151,24.252708867655,71.174401346947,0.0
node,1152,33.024167354154,69.451922358453,0.0
node,1153,41.473392481718,67.197460252504,0.0
node,1154,49.597380259308,64.472234749453,0.0
node,1155,57.144911166141,61.565577838511,0.0
node,1156,6.7256835812594,92.985411538577,0.0
node,1157,16.618109614634,91.856882579524,0.0
node,1158,26.33228252571,89.845504233982,0.0
node,1159,35.776647561266,86.937004690233,0.0
node,1160,44.851966558366,83.160905133686,0.0
node,1161,53.508232837659,78.546149747544,0.0
node,1162,61.682634467559,73.057400563999,0.0
node,1163,6.3316946880237,83.026687275803,0.0
node,1164,15.68302590976,82.160418037993,0.0
node,1165,24.871856503976,80.649240984248,0.0
node,1166,33.830451091626,78.438741275238,0.0
node,1167,42.450776730918,75.555347255432,0.0
node,1168,50.712763752109,72.024364769344,0.0
node,1169,58.453641106774,67.880383950154,0.0
node,1170,66.665911480894,68.91921508716,0.0
node,1171,62.866929644413,64.657045013815,0.0
node,1172,61.675657996374,60.940950599926,0.0
node,1173,93.036020622801,6.6721767748622,0.0
node,1174,83.164002423936,6.179660867569,0.0
node,1175,91.98616132959,16.472177906799,0.0
node,1176,82.470400495372,15.314358768594,0.0
node,1177,90.021530373834,26.120811967526,0.0
node,1178,81.076399782817,24.342849426783,0.0
node,1179,87.144122205068,35.525391082951,0.0
node,1180,78.947028586513,33.204672392359,0.0
node,1181,83.385816054666,44.586638702324,0.0
node,1182,76.111030059159,41.790878082805,0.0
node,1183,78.773993723676,53.251567462465,0.0
node,1184,72.591109819683,50.072053809478,0.0
node,1185,73.27559322294,61.450747658785,0.0
node,1186,68.427456364984,57.872037829492,0.0
tria,2992,40,37,1186
tria,2991,41,40,1186
tria,2990,37,41,1186
tria,2989,19,40,1185
tria,2988,47,19,1185
tria,2987,40,47,1185
tria,2986,47,41,1184
tria,2985,42,47,1184
tria,2984,41,42,1184
tria,2983,18,47,1183
tria,2982,48,18,1183
tria,2981,47,48,1183
tria,2980,48,42,1182
tria,2979,43,48,1182
tria,2978,42,43,1182
tria,2977,17,48,1181
tria,2976,49,17,1181
tria,2975,48,49,1181
tria,2974,49,43,1180
tria,2973,44,49,1180
tria,2972,43,44,1180
tria,2971,16,49,1179
tria,2970,50,16,1179
tria,2969,49,50,1179
tria,2968,50,44,1178
tria,2967,45,50,1178
tria,2966,44,45,1178
tria,2965,15,50,1177
tria,2964,51,15,1177
tria,2963,50,51,1177
tria,2962,51,45,1176
tria,2961,46,51,1176
tria,2960,45,46,1176
tria,2959,14,51,1175
tria,2958,52,14,1175
tria,2957,51,52,1175
tria,2956,52,46,1174
tria,2955,10,52,1174
tria,2954,46,10,1174
tria,2953,13,52,1173
tria,2952,11,13,1173
tria,2951,52,11,1173
tria,2950,39,37,1172
tria,2949,38,39,1172
tria,2948,37,38,1172
tria,2947,53,38,1171
tria,2946,37,53,1171
tria,2945,38,37,1171
tria,2944,20,53,1170
tria,2943,40,20,1170
tria,2942,53,40,1170
tria,2941,54,38,1169
tria,2940,53,54,1169
tria,2939,38,53,1169
tria,2938,55,54,1168
tria,2937,60,55,1168
tria,2936,54,60,1168
tria,2935,56,55,1167
tria,2934,61,56,1167
tria,2933,55,61,1167
tria,2932,57,56,1166
tria,2931,62,57,1166
tria,2930,56,62,1166
tria,2929,58,57,1165
tria,2928,63,58,1165
tria,2927,57,63,1165
tria,2926,59,58,1164
tria,2925,64,59,1164
tria,2924,58,64,1164
tria,2923,29,59,1163
tria,2922,65,29,1163
tria,2921,59,65,1163
tria,2920,60,53,1162
tria,2919,20,60,1162
tria,2918,53,20,1162
tria,2917,61,60,1161
tria,2916,21,61,1161
tria,2915,60,21,1161
tria,2914,62,61,1160
tria,2913,22,62,1160
tria,2912,61,22,1160
tria,2911,63,62,1159
tria,2910,23,63,1159
tria,2909,62,23,1159
tria,2908,64,63,1158
tria,2907,24,64,1158
tria,2906,63,24,1158
tria,2905,65,64,1157
tria,2904,25,65,1157
tria,2903,64,25,1157
tria,2902,28,65,1156
tria,2901,26,28,1156
tria,2900,65,26,1156
tria,2899,66,39,1155
tria,2898,38,66,1155
tria,2897,39,38,1155
tria,2896,67,66,1154
tria,2895,54,67,1154
tria,2894,66,54,1154
tria,2893,68,67,1153
tria,2892,55,68,1153
tria,2891,67,55,1153
tria,2890,69,68,1152
tria,2889,56,69,1152
tria,2888,68,56,1152
tria,2887,70,69,1151
tria,2886,57,70,1151
tria,2885,69,57,1151
tria,2884,71,70,1150
tria,2883,58,71,1150
tria,2882,70,58,1150
tria,2881,30,71,1149
tria,2880,59,30,1149
tria,2879,71,59,1149
tria,2878,78,39,1148
tria,2877,66,78,1148
tria,2876,39,66,1148
tria,2875,79,72,1147
tria,2874,78,79,1147
tria,2873,72,78,1147
tria,2872,80,73,1146
tria,2871,79,80,1146
tria,2870,73,79,1146
tria,2869,81,74,1145
tria,2868,80,81,1145
tria,2867,74,80,1145
tria,2866,82,75,1144
tria,2865,81,82,1144
tria,2864,75,81,1144
tria,2863,77,76,1143
tria,2862,82,77,1143
tria,2861,76,82,1143
tria,2860,9,77,1142
tria,2859,83,9,1142
tria,2858,77,83,1142
tria,2857,84,66,1141
tria,2856,67,84,1141
tria,2855,66,67,1141
tria,2854,85,78,1140
tria,2853,84,85,1140
tria,2852,78,84,1140
tria,2851,86,79,1139
tria,2850,85,86,1139
tria,2849,79,85,1139
tria,2848,87,80,1138
tria,2847,86,87,1138
tria,2846,80,86,1138
tria,2845,88,81,1137
tria,2844,87,88,1137
tria,2843,81,87,1137
tria,2842,83,82,1136
tria,2841,88,83,1136
tria,2840,82,88,1136
tria,2839,8,83,1135
tria,2838,89,8,1135
tria,2837,83,89,1135
tria,2836,90,67,1134
tria,2835,68,90,1134
tria,2834,67,68,1134
tria,2833,91,84,1133
tria,2832,90,91,1133
tria,2831,84,90,1133
tria,2830,92,85,1132
tria,2829,91,92,1132
tria,2828,85,91,1132
tria,2827,93,86,1131
tria,2826,92,93,1131
tria,2825,86,92,1131
tria,2824,94,87,1130
tria,2823,93,94,1130
tria,2822,87,93,1130
tria,2821,89,88,1129
tria,2820,94,89,1129
tria,2819,88,94,1129
tria,2818,7,89,1128
tria,2817,95,7,1128
tria,2816,89,95,1128
tria,2815,96,68,1127
tria,2814,69,96,1127
tria,2813,68,69,1127
tria,2812,97,90,1126
tria,2811,96,97,1126
tria,2810,90,96,1126
tria,2809,98,91,1125
tria,2808,97,98,1125
tria,2807,91,97,1125
tria,2806,99,92,1124
tria,2805,98,99,1124
tria,2804,92,98,1124
tria,2803,94,93,1123
tria,2802,99,94,1123
tria,2801,93,99,1123
tria,2800,95,94,1122
tria,2799,100,95,1122
tria,2798,94,100,1122
tria,2797,6,95,1121
tria,2796,101,6,1121
tria,2795,95,101,1121
tria,2794,102,69,1120
tria,2793,70,102,1120
tria,2792,69,70,1120
tria,2791,103,96,1119
tria,2790,102,103,1119
tria,2789,96,102,1119
tria,2788,104,97,1118
tria,2787,103,104,1118
tria,2786,97,103,1118
tria,2785,105,98,1117
tria,2784,104,105,1117
tria,2783,98,104,1117
tria,2782,100,99,1116
tria,2781,105,100,1116
tria,2780,99,105,1116
tria,2779,101,100,1115
tria,2778,106,101,1115
tria,2777,100,106,1115
tria,2776,5,101,1114
tria,2775,107,5,1114
tria,2774,101,107,1114
tria,2773,108,70,1113
tria,2772,71,108,1113
tria,2771,70,71,1113
tria,2770,109,102,1112
tria,2769,108,109,1112
tria,2768,102,108,1112
tria,2767,104,103,1111
tria,2766,109,104,1111
tria,2765,103,109,1111
tria,2764,105,104,1110
tria,2763,110,105,1110
tria,2762,104,110,1110
tria,2761,106,105,1109
tria,2760,111,106,1109
tria,2759,105,111,1109
tria,2758,107,106,1108
tria,2757,112,107,1108
tria,2756,106,112,1108
tria,2755,4,107,1107
tria,2754,113,4,1107
tria,2753,107,113,1107
tria,2752,108,71,1106
tria,2751,30,108,1106
tria,2750,71,30,1106
tria,2749,109,108,1105
tria,2748,31,109,1105
tria,2747,108,31,1105
tria,2746,110,109,1104
tria,2745,32,110,1104
tria,2744,109,32,1104
tria,2743,111,110,1103
tria,2742,33,111,1103
tria,2741,110,33,1103
tria,2740,112,111,1102
tria,2739,34,112,1102
tria,2738,111,34,1102
tria,2737,113,112,1101
tria,2736,35,113,1101
tria,2735,112,35,1101
tria,2734,3,113,1100
tria,2733,36,3,1100
tria,2732,113,36,1100
tria,2731,72,37,1099
tria,2730,39,72,1099
tria,2729,37,39,1099
tria,2728,73,41,1098
tria,2727,72,73,1098
tria,2726,41,72,1098
tria,2725,74,42,1097
tria,2724,73,74,1097
tria,2723,42,73,1097
tria,2722,75,43,1096
tria,2721,74,75,1096
tria,2720,43,74,1096
tria,2719,45,44,1095
tria,2718,75,45,1095
tria,2717,44,75,1095
tria,2716,46,45,1094
tria,2715,76,46,1094
tria,2714,45,76,1094
tria,2713,10,46,1093
tria,2712,77,10,1093
tria,2711,46,77,1093
tria,2710,10,77,1092
tria,2709,9,10,1092
tria,2708,77,9,1092
tria,2707,46,76,1091
tria,2706,77,46,1091
tria,2705,76,77,1091
tria,2704,45,75,1090
tria,2703,76,45,1090
tria,2702,75,76,1090
tria,2701,43,75,1089
tria,2700,44,43,1089
tria,2699,75,44,1089
tria,2698,42,74,1088
tria,2697,43,42,1088
tria,2696,74,43,1088
tria,2695,41,73,1087
tria,2694,42,41,1087
tria,2693,73,42,1087
tria,2692,37,72,1086
tria,2691,41,37,1086
tria,2690,72,41,1086
tria,2689,3,36,1085
tria,2688,2,3,1085
tria,2687,36,2,1085
tria,2686,113,35,1084
tria,2685,36,113,1084
tria,2684,35,36,1084
tria,2683,112,34,1083
tria,2682,35,112,1083
tria,2681,34,35,1083
tria,2680,111,33,1082
tria,2679,34,111,1082
tria,2678,33,34,1082
tria,2677,110,32,1081
tria,2676,33,110,1081
tria,2675,32,33,1081
tria,2674,109,31,1080
tria,2673,32,109,1080
tria,2672,31,32,1080
tria,2671,108,30,1079
tria,2670,31,108,1079
tria,2669,30,31,1079
tria,2668,4,113,1078
tria,2667,3,4,1078
tria,2666,113,3,1078
tria,2665,107,112,1077
tria,2664,113,107,1077
tria,2663,112,113,1077
tria,2662,106,111,1076
tria,2661,112,106,1076
tria,2660,111,112,1076
tria,2659,105,110,1075
tria,2658,111,105,1075
tria,2657,110,111,1075
tria,2656,104,109,1074
tria,2655,110,104,1074
tria,2654,109,110,1074
tria,2653,102,109,1073
tria,2652,103,102,1073
tria,2651,109,103,1073
tria,2650,70,108,1072
tria,2649,102,70,1072
tria,2648,108,102,1072
tria,2647,5,107,1071
tria,2646,4,5,1071
tria,2645,107,4,1071
tria,2644,101,106,1070
tria,2643,107,101,1070
tria,2642,106,107,1070
tria,2641,100,105,1069
tria,2640,106,100,1069
tria,2639,105,106,1069
tria,2638,98,105,1068
tria,2637,99,98,1068
tria,2636,105,99,1068
tria,2635,97,104,1067
tria,2634,98,97,1067
tria,2633,104,98,1067
tria,2632,96,103,1066
tria,2631,97,96,1066
tria,2630,103,97,1066
tria,2629,69,102,1065
tria,2628,96,69,1065
tria,2627,102,96,1065
tria,2626,6,101,1064
tria,2625,5,6,1064
tria,2624,101,5,1064
tria,2623,95,100,1063
tria,2622,101,95,1063
tria,2621,100,101,1063
tria,2620,94,99,1062
tria,2619,100,94,1062
tria,2618,99,100,1062
tria,2617,92,99,1061
tria,2616,93,92,1061
tria,2615,99,93,1061
tria,2614,91,98,1060
tria,2613,92,91,1060
tria,2612,98,92,1060
tria,2611,90,97,1059
tria,2610,91,90,1059
tria,2609,97,91,1059
tria,2608,68,96,1058
tria,2607,90,68,1058
tria,2606,96,90,1058
tria,2605,7,95,1057
tria,2604,6,7,1057
tria,2603,95,6,1057
tria,2602,89,94,1056
tria,2601,95,89,1056
tria,2600,94,95,1056
tria,2599,87,94,1055
tria,2598,88,87,1055
tria,2597,94,88,1055
tria,2596,86,93,1054
tria,2595,87,86,1054
tria,2594,93,87,1054
tria,2593,85,92,1053
tria,2592,86,85,1053
tria,2591,92,86,1053
tria,2590,84,91,1052
tria,2589,85,84,1052
tria,2588,91,85,1052
tria,2587,67,90,1051
tria,2586,84,67,1051
tria,2585,90,84,1051
tria,2584,8,89,1050
tria,2583,7,8,1050
tria,2582,89,7,1050
tria,2581,83,88,1049
tria,2580,89,83,1049
tria,2579,88,89,1049
tria,2578,81,88,1048
tria,2577,82,81,1048
tria,2576,88,82,1048
tria,2575,80,87,1047
tria,2574,81,80,1047
tria,2573,87,81,1047
tria,2572,79,86,1046
tria,2571,80,79,1046
tria,2570,86,80,1046
tria,2569,78,85,1045
tria,2568,79,78,1045
tria,2567,85,79,1045
tria,2566,66,84,1044
tria,2565,78,66,1044
tria,2564,84,78,1044
tria,2563,9,83,1043
tria,2562,8,9,1043
tria,2561,83,8,1043
tria,2560,77,82,1042
tria,2559,83,77,1042
tria,2558,82,83,1042
tria,2557,75,82,1041
tria,2556,76,75,1041
tria,2555,82,76,1041
tria,2554,74,81,1040
tria,2553,75,74,1040
tria,2552,81,75,1040
tria,2551,73,80,1039
tria,2550,74,73,1039
tria,2549,80,74,1039
tria,2548,72,79,1038
tria,2547,73,72,1038
tria,2546,79,73,1038
tria,2545,39,78,1037
tria,2544,72,39,1037
tria,2543,78,72,1037
tria,2542,30,59,1036
tria,2541,29,30,1036
tria,2540,59,29,1036
tria,2539,71,58,1035
tria,2538,59,71,1035
tria,2537,58,59,1035
tria,2536,70,57,1034
tria,2535,58,70,1034
tria,2534,57,58,1034
tria,2533,69,56,1033
tria,2532,57,69,1033
tria,2531,56,57,1033
tria,2530,68,55,1032
tria,2529,56,68,1032
tria,2528,55,56,1032
tria,2527,67,54,1031
tria,2526,55,67,1031
tria,2525,54,55,1031
tria,2524,66,38,1030
tria,2523,54,66,1030
tria,2522,38,54,1030
tria,2521,28,26,1029
tria,2520,27,28,1029
tria,2519,26,27,1029
tria,2518,65,25,1028
tria,2517,26,65,1028
tria,2516,25,26,1028
tria,2515,64,24,1027
tria,2514,25,64,1027
tria,2513,24,25,1027
tria,2512,63,23,1026
tria,2511,24,63,1026
tria,2510,23,24,1026
tria,2509,62,22,1025
tria,2508,23,62,1025
tria,2507,22,23,1025
tria,2506,61,21,1024
tria,2505,22,61,1024
tria,2504,21,22,1024
tria,2503,60,20,1023
tria,2502,21,60,1023
tria,2501,20,21,1023
tria,2500,29,65,1022
tria,2499,28,29,1022
tria,2498,65,28,1022
tria,2497,59,64,1021
tria,2496,65,59,1021
tria,2495,64,65,1021
tria,2494,58,63,1020
tria,2493,64,58,1020
tria,2492,63,64,1020
tria,2491,57,62,1019
tria,2490,63,57,1019
tria,2489,62,63,1019
tria,2488,56,61,1018
tria,2487,62,56,1018
tria,2486,61,62,1018
tria,2485,55,60,1017
tria,2484,61,55,1017
tria,2483,60,61,1017
tria,2482,54,53,1016
tria,2481,60,54,1016
tria,2480,53,60,1016
tria,2479,20,40,1015
tria,2478,19,20,1015
tria,2477,40,19,1015
tria,2476,53,37,1014
tria,2475,40,53,1014
tria,2474,37,40,1014
tria,2473,13,11,1013
tria,2472,12,13,1013
tria,2471,11,12,1013
tria,2470,52,10,1012
tria,2469,11,52,1012
tria,2468,10,11,1012
tria,2467,14,52,1011
tria,2466,13,14,1011
tria,2465,52,13,1011
tria,2464,51,46,1010
tria,2463,52,51,1010
tria,2462,46,52,1010
tria,2461,15,51,1009
tria,2460,14,15,1009
tria,2459,51,14,1009
tria,2458,50,45,1008
tria,2457,51,50,1008
tria,2456,45,51,1008
tria,2455,16,50,1007
tria,2454,15,16,1007
tria,2453,50,15,1007
tria,2452,49,44,1006
tria,2451,50,49,1006
tria,2450,44,50,1006
tria,2449,17,49,1005
tria,2448,16,17,1005
tria,2447,49,16,1005
tria,2446,48,43,1004
tria,2445,49,48,1004
tria,2444,43,49,1004
tria,2443,18,48,1003
tria,2442,17,18,1003
tria,2441,48,17,1003
tria,2440,47,42,1002
tria,2439,48,47,1002
tria,2438,42,48,1002
tria,2437,19,47,1001
tria,2436,18,19,1001
tria,2435,47,18,1001
tria,2434,40,41,1000
tria,2433,47,40,1000
tria,2432,41,47,1000
tria,2431,180,186,999
tria,2430,187,180,999
tria,2429,186,187,999
tria,2428,209,180,998
tria,2427,208,209,998
tria,2426,180,208,998
tria,2425,179,185,997
tria,2424,180,179,997
tria,2423,185,180,997
tria,2422,210,179,996
tria,2421,209,210,996
tria,2420,179,209,996
tria,2419,178,184,995
tria,2418,179,178,995
tria,2417,184,179,995
tria,2416,211,178,994
tria,2415,210,211,994
tria,2414,178,210,994
tria,2413,177,183,993
tria,2412,178,177,993
tria,2411,183,178,993
tria,2410,212,177,992
tria,2409,211,212,992
tria,2408,177,211,992
tria,2407,176,182,991
tria,2406,177,176,991
tria,2405,182,177,991
tria,2404,213,176,990
tria,2403,212,213,990
tria,2402,176,212,990
tria,2401,175,181,989
tria,2400,176,175,989
tria,2399,181,176,989
tria,2398,214,175,988
tria,2397,213,214,988
tria,2396,175,213,988
tria,2395,216,217,987
tria,2394,175,216,987
tria,2393,217,175,987
tria,2392,215,216,986
tria,2391,214,215,986
tria,2390,216,214,986
tria,2389,187,190,985
tria,2388,174,187,985
tria,2387,190,174,985
tria,2386,208,187,984
tria,2385,207,208,984
tria,2384,187,207,984
tria,2383,167,174,983
tria,2382,173,167,983
tria,2381,174,173,983
tria,2380,166,167,982
tria,2379,172,166,982
tria,2378,167,172,982
tria,2377,165,166,981
tria,2376,171,165,981
tria,2375,166,171,981
tria,2374,164,165,980
tria,2373,170,164,980
tria,2372,165,170,980
tria,2371,163,164,979
tria,2370,169,163,979
tria,2369,164,169,979
tria,2368,162,163,978
tria,2367,168,162,978
tria,2366,163,168,978
tria,2365,28,162,977
tria,2364,29,28,977
tria,2363,162,29,977
tria,2362,206,207,976
tria,2361,167,206,976
tria,2360,207,167,976
tria,2359,205,206,975
tria,2358,166,205,975
tria,2357,206,166,975
tria,2356,204,205,974
tria,2355,165,204,974
tria,2354,205,165,974
tria,2353,203,204,973
tria,2352,164,203,973
tria,2351,204,164,973
tria,2350,202,203,972
tria,2349,163,202,972
tria,2348,203,163,972
tria,2347,201,202,971
tria,2346,162,201,971
tria,2345,202,162,971
tria,2344,27,201,970
tria,2343,28,27,970
tria,2342,201,28,970
tria,2341,173,189,969
tria,2340,161,173,969
tria,2339,189,161,969
tria,2338,172,173,968
tria,2337,160,172,968
tria,2336,173,160,968
tria,2335,171,172,967
tria,2334,159,171,967
tria,2333,172,159,967
tria,2332,170,171,966
tria,2331,158,170,966
tria,2330,171,158,966
tria,2329,169,170,965
tria,2328,157,169,965
tria,2327,170,157,965
tria,2326,168,169,964
tria,2325,156,168,964
tria,2324,169,156,964
tria,2323,29,168,963
tria,2322,30,29,963
tria,2321,168,30,963
tria,2320,155,149,962
tria,2319,188,155,962
tria,2318,149,188,962
tria,2317,154,148,961
tria,2316,155,154,961
tria,2315,148,155,961
tria,2314,153,147,960
tria,2313,154,153,960
tria,2312,147,154,960
tria,2311,152,146,959
tria,2310,153,152,959
tria,2309,146,153,959
tria,2308,151,145,958
tria,2307,152,151,958
tria,2306,145,152,958
tria,2305,144,145,957
tria,2304,150,144,957
tria,2303,145,150,957
tria,2302,219,144,956
tria,2301,218,219,956
tria,2300,144,218,956
tria,2299,149,143,955
tria,2298,161,149,955
tria,2297,143,161,955
tria,2296,148,142,954
tria,2295,149,148,954
tria,2294,142,149,954
tria,2293,147,141,953
tria,2292,148,147,953
tria,2291,141,148,953
tria,2290,146,140,952
tria,2289,147,146,952
tria,2288,140,147,952
tria,2287,145,139,951
tria,2286,146,145,951
tria,2285,139,146,951
tria,2284,138,139,950
tria,2283,144,138,950
tria,2282,139,144,950
tria,2281,220,138,949
tria,2280,219,220,949
tria,2279,138,219,949
tria,2278,143,137,948
tria,2277,160,143,948
tria,2276,137,160,948
tria,2275,142,136,947
tria,2274,143,142,947
tria,2273,136,143,947
tria,2272,141,135,946
tria,2271,142,141,946
tria,2270,135,142,946
tria,2269,140,134,945
tria,2268,141,140,945
tria,2267,134,141,945
tria,2266,139,133,944
tria,2265,140,139,944
tria,2264,133,140,944
tria,2263,132,133,943
tria,2262,138,132,943
tria,2261,133,138,943
tria,2260,221,132,942
tria,2259,220,221,942
tria,2258,132,220,942
tria,2257,137,131,941
tria,2256,159,137,941
tria,2255,131,159,941
tria,2254,136,130,940
tria,2253,137,136,940
tria,2252,130,137,940
tria,2251,135,129,939
tria,2250,136,135,939
tria,2249,129,136,939
tria,2248,134,128,938
tria,2247,135,134,938
tria,2246,128,135,938
tria,2245,127,128,937
tria,2244,133,127,937
tria,2243,128,133,937
tria,2242,126,127,936
tria,2241,132,126,936
tria,2240,127,132,936
tria,2239,222,126,935
tria,2238,221,222,935
tria,2237,126,221,935
tria,2236,131,125,934
tria,2235,158,131,934
tria,2234,125,158,934
tria,2233,130,124,933
tria,2232,131,130,933
tria,2231,124,131,933
tria,2230,129,123,932
tria,2229,130,129,932
tria,2228,123,130,932
tria,2227,128,122,931
tria,2226,129,128,931
tria,2225,122,129,931
tria,2224,121,122,930
tria,2223,127,121,930
tria,2222,122,127,930
tria,2221,120,121,929
tria,2220,126,120,929
tria,2219,121,126,929
tria,2218,223,120,928
tria,2217,222,223,928
tria,2216,120,222,928
tria,2215,125,119,927
tria,2214,157,125,927
tria,2213,119,157,927
tria,2212,124,118,926
tria,2211,125,124,926
tria,2210,118,125,926
tria,2209,117,118,925
tria,2208,123,117,925
tria,2207,118,123,925
tria,2206,116,117,924
tria,2205,122,116,924
tria,2204,117,122,924
tria,2203,115,116,923
tria,2202,121,115,923
tria,2201,116,121,923
tria,2200,114,115,922
tria,2199,120,114,922
tria,2198,115,120,922
tria,2197,224,114,921
tria,2196,223,224,921
tria,2195,114,223,921
tria,2194,31,30,920
tria,2193,119,31,920
tria,2192,30,119,920
tria,2191,32,31,919
tria,2190,118,32,919
tria,2189,31,118,919
tria,2188,33,32,918
tria,2187,117,33,918
tria,2186,32,117,918
tria,2185,34,33,917
tria,2184,116,34,917
tria,2183,33,116,917
tria,2182,35,34,916
tria,2181,115,35,916
tria,2180,34,115,916
tria,2179,36,35,915
tria,2178,114,36,915
tria,2177,35,114,915
tria,2176,2,36,914
tria,2175,224,2,914
tria,2174,36,224,914
tria,2173,186,155,913
tria,2172,190,186,913
tria,2171,155,190,913
tria,2170,185,154,912
tria,2169,186,185,912
tria,2168,154,186,912
tria,2167,184,153,911
tria,2166,185,184,911
tria,2165,153,185,911
tria,2164,183,152,910
tria,2163,184,183,910
tria,2162,152,184,910
tria,2161,151,152,909
tria,2160,182,151,909
tria,2159,152,182,909
tria,2158,150,151,908
tria,2157,181,150,908
tria,2156,151,181,908
tria,2155,218,150,907
tria,2154,217,218,907
tria,2153,150,217,907
tria,2152,150,181,906
tria,2151,217,150,906
tria,2150,181,217,906
tria,2149,151,182,905
tria,2148,181,151,905
tria,2147,182,181,905
tria,2146,152,183,904
tria,2145,182,152,904
tria,2144,183,182,904
tria,2143,153,184,903
tria,2142,152,153,903
tria,2141,184,152,903
tria,2140,154,185,902
tria,2139,153,154,902
tria,2138,185,153,902
tria,2137,155,186,901
tria,2136,154,155,901
tria,2135,186,154,901
tria,2134,188,190,900
tria,2133,155,188,900
tria,2132,190,155,900
tria,2131,36,114,899
tria,2130,224,36,899
tria,2129,114,224,899
tria,2128,35,115,898
tria,2127,114,35,898
tria,2126,115,114,898
tria,2125,34,116,897
tria,2124,115,34,897
tria,2123,116,115,897
tria,2122,33,117,896
tria,2121,116,33,896
tria,2120,117,116,896
tria,2119,32,118,895
tria,2118,117,32,895
tria,2117,118,117,895
tria,2116,31,119,894
tria,2115,118,31,894
tria,2114,119,118,894
tria,2113,30,156,893
tria,2112,119,30,893
tria,2111,156,119,893
tria,2110,114,120,892
tria,2109,223,114,892
tria,2108,120,223,892
tria,2107,115,121,891
tria,2106,120,115,891
tria,2105,121,120,891
tria,2104,116,122,890
tria,2103,121,116,890
tria,2102,122,121,890
tria,2101,117,123,889
tria,2100,122,117,889
tria,2099,123,122,889
tria,2098,118,124,888
tria,2097,123,118,888
tria,2096,124,123,888
tria,2095,119,125,887
tria,2094,118,119,887
tria,2093,125,118,887
tria,2092,156,157,886
tria,2091,119,156,886
tria,2090,157,119,886
tria,2089,120,126,885
tria,2088,222,120,885
tria,2087,126,222,885
tria,2086,121,127,884
tria,2085,126,121,884
tria,2084,127,126,884
tria,2083,122,128,883
tria,2082,127,122,883
tria,2081,128,127,883
tria,2080,123,129,882
tria,2079,122,123,882
tria,2078,129,122,882
tria,2077,124,130,881
tria,2076,123,124,881
tria,2075,130,123,881
tria,2074,125,131,880
tria,2073,124,125,880
tria,2072,131,124,880
tria,2071,157,158,879
tria,2070,125,157,879
tria,2069,158,125,879
tria,2068,126,132,878
tria,2067,221,126,878
tria,2066,132,221,878
tria,2065,127,133,877
tria,2064,132,127,877
tria,2063,133,132,877
tria,2062,128,134,876
tria,2061,133,128,876
tria,2060,134,133,876
tria,2059,129,135,875
tria,2058,128,129,875
tria,2057,135,128,875
tria,2056,130,136,874
tria,2055,129,130,874
tria,2054,136,129,874
tria,2053,131,137,873
tria,2052,130,131,873
tria,2051,137,130,873
tria,2050,158,159,872
tria,2049,131,158,872
tria,2048,159,131,872
tria,2047,132,138,871
tria,2046,220,132,871
tria,2045,138,220,871
tria,2044,133,139,870
tria,2043,138,133,870
tria,2042,139,138,870
tria,2041,134,140,869
tria,2040,133,134,869
tria,2039,140,133,869
tria,2038,135,141,868
tria,2037,134,135,868
tria,2036,141,134,868
tria,2035,136,142,867
tria,2034,135,136,867
tria,2033,142,135,867
tria,2032,137,143,866
tria,2031,136,137,866
tria,2030,143,136,866
tria,2029,159,160,865
tria,2028,137,159,865
tria,2027,160,137,865
tria,2026,138,144,864
tria,2025,219,138,864
tria,2024,144,219,864
tria,2023,139,145,863
tria,2022,144,139,863
tria,2021,145,144,863
tria,2020,140,146,862
tria,2019,139,140,862
tria,2018,146,139,862
tria,2017,141,147,861
tria,2016,140,141,861
tria,2015,147,140,861
tria,2014,142,148,860
tria,2013,141,142,860
tria,2012,148,141,860
tria,2011,143,149,859
tria,2010,142,143,859
tria,2009,149,142,859
tria,2008,160,161,858
tria,2007,143,160,858
tria,2006,161,143,858
tria,2005,144,150,857
tria,2004,218,144,857
tria,2003,150,218,857
tria,2002,145,151,856
tria,2001,150,145,856
tria,2000,151,150,856
tria,1999,146,152,855
tria,1998,145,146,855
tria,1997,152,145,855
tria,1996,147,153,854
tria,1995,146,147,854
tria,1994,153,146,854
tria,1993,148,154,853
tria,1992,147,148,853
tria,1991,154,147,853
tria,1990,149,155,852
tria,1989,148,149,852
tria,1988,155,148,852
tria,1987,161,188,851
tria,1986,149,161,851
tria,1985,188,149,851
tria,1984,168,156,850
tria,1983,30,168,850
tria,1982,156,30,850
tria,1981,169,157,849
tria,1980,156,169,849
tria,1979,157,156,849
tria,1978,170,158,848
tria,1977,157,170,848
tria,1976,158,157,848
tria,1975,171,159,847
tria,1974,158,171,847
tria,1973,159,158,847
tria,1972,172,160,846
tria,1971,159,172,846
tria,1970,160,159,846
tria,1969,173,161,845
tria,1968,160,173,845
tria,1967,161,160,845
tria,1966,189,188,844
tria,1965,161,189,844
tria,1964,188,161,844
tria,1963,201,162,843
tria,1962,28,201,843
tria,1961,162,28,843
tria,1960,202,163,842
tria,1959,162,202,842
tria,1958,163,162,842
tria,1957,203,164,841
tria,1956,163,203,841
tria,1955,164,163,841
tria,1954,204,165,840
tria,1953,164,204,840
tria,1952,165,164,840
tria,1951,205,166,839
tria,1950,165,205,839
tria,1949,166,165,839
tria,1948,206,167,838
tria,1947,166,206,838
tria,1946,167,166,838
tria,1945,207,174,837
tria,1944,167,207,837
tria,1943,174,167,837
tria,1942,162,168,836
tria,1941,29,162,836
tria,1940,168,29,836
tria,1939,163,169,835
tria,1938,168,163,835
tria,1937,169,168,835
tria,1936,164,170,834
tria,1935,169,164,834
tria,1934,170,169,834
tria,1933,165,171,833
tria,1932,170,165,833
tria,1931,171,170,833
tria,1930,166,172,832
tria,1929,171,166,832
tria,1928,172,171,832
tria,1927,167,173,831
tria,1926,172,167,831
tria,1925,173,172,831
tria,1924,174,189,830
tria,1923,173,174,830
tria,1922,189,173,830
tria,1921,187,174,829
tria,1920,207,187,829
tria,1919,174,207,829
tria,1918,190,189,828
tria,1917,174,190,828
tria,1916,189,174,828
tria,1915,189,190,827
tria,1914,188,189,827
tria,1913,190,188,827
tria,1912,216,175,826
tria,1911,214,216,826
tria,1910,175,214,826
tria,1909,217,181,825
tria,1908,175,217,825
tria,1907,181,175,825
tria,1906,175,176,824
tria,1905,213,175,824
tria,1904,176,213,824
tria,1903,181,182,823
tria,1902,176,181,823
tria,1901,182,176,823
tria,1900,176,177,822
tria,1899,212,176,822
tria,1898,177,212,822
tria,1897,182,183,821
tria,1896,177,182,821
tria,1895,183,177,821
tria,1894,177,178,820
tria,1893,211,177,820
tria,1892,178,211,820
tria,1891,183,184,819
tria,1890,178,183,819
tria,1889,184,178,819
tria,1888,178,179,818
tria,1887,210,178,818
tria,1886,179,210,818
tria,1885,184,185,817
tria,1884,179,184,817
tria,1883,185,179,817
tria,1882,179,180,816
tria,1881,209,179,816
tria,1880,180,209,816
tria,1879,185,186,815
tria,1878,180,185,815
tria,1877,186,180,815
tria,1876,180,187,814
tria,1875,208,180,814
tria,1874,187,208,814
tria,1873,186,190,813
tria,1872,187,186,813
tria,1871,190,187,813
tria,1870,264,261,812
tria,1869,265,264,812
tria,1868,261,265,812
tria,1867,243,264,811
tria,1866,271,243,811
tria,1865,264,271,811
tria,1864,271,265,810
tria,1863,266,271,810
tria,1862,265,266,810
tria,1861,242,271,809
tria,1860,272,242,809
tria,1859,271,272,809
tria,1858,272,266,808
tria,1857,267,272,808
tria,1856,266,267,808
tria,1855,241,272,807
tria,1854,273,241,807
tria,1853,272,273,807
tria,1852,273,267,806
tria,1851,268,273,806
tria,1850,267,268,806
tria,1849,240,273,805
tria,1848,274,240,805
tria,1847,273,274,805
tria,1846,274,268,804
tria,1845,269,274,804
tria,1844,268,269,804
tria,1843,239,274,803
tria,1842,275,239,803
tria,1841,274,275,803
tria,1840,275,269,802
tria,1839,270,275,802
tria,1838,269,270,802
tria,1837,238,275,801
tria,1836,276,238,801
tria,1835,275,276,801
tria,1834,276,270,800
tria,1833,217,276,800
tria,1832,270,217,800
tria,1831,237,276,799
tria,1830,216,237,799
tria,1829,276,216,799
tria,1828,263,261,798
tria,1827,262,263,798
tria,1826,261,262,798
tria,1825,277,262,797
tria,1824,261,277,797
tria,1823,262,261,797
tria,1822,244,277,796
tria,1821,264,244,796
tria,1820,277,264,796
tria,1819,278,262,795
tria,1818,277,278,795
tria,1817,262,277,795
tria,1816,279,278,794
tria,1815,284,279,794
tria,1814,278,284,794
tria,1813,280,279,793
tria,1812,285,280,793
tria,1811,279,285,793
tria,1810,281,280,792
tria,1809,286,281,792
tria,1808,280,286,792
tria,1807,282,281,791
tria,1806,287,282,791
tria,1805,281,287,791
tria,1804,283,282,790
tria,1803,288,283,790
tria,1802,282,288,790
tria,1801,253,283,789
tria,1800,289,253,789
tria,1799,283,289,789
tria,1798,284,277,788
tria,1797,244,284,788
tria,1796,277,244,788
tria,1795,285,284,787
tria,1794,245,285,787
tria,1793,284,245,787
tria,1792,286,285,786
tria,1791,246,286,786
tria,1790,285,246,786
tria,1789,287,286,785
tria,1788,247,287,785
tria,1787,286,247,785
tria,1786,288,287,784
tria,1785,248,288,784
tria,1784,287,248,784
tria,1783,289,288,783
tria,1782,249,289,783
tria,1781,288,249,783
tria,1780,252,289,782
tria,1779,250,252,782
tria,1778,289,250,782
tria,1777,290,263,781
tria,1776,262,290,781
tria,1775,263,262,781
tria,1774,291,290,780
tria,1773,278,291,780
tria,1772,290,278,780
tria,1771,292,291,779
tria,1770,279,292,779
tria,1769,291,279,779
tria,1768,293,292,778
tria,1767,280,293,778
tria,1766,292,280,778
tria,1765,294,293,777
tria,1764,281,294,777
tria,1763,293,281,777
tria,1762,295,294,776
tria,1761,282,295,776
tria,1760,294,282,776
tria,1759,254,295,775
tria,1758,283,254,775
tria,1757,295,283,775
tria,1756,302,263,774
tria,1755,290,302,774
tria,1754,263,290,774
tria,1753,303,296,773
tria,1752,302,303,773
tria,1751,296,302,773
tria,1750,304,297,772
tria,1749,303,304,772
tria,1748,297,303,772
tria,1747,305,298,771
tria,1746,304,305,771
tria,1745,298,304,771
tria,1744,306,299,770
tria,1743,305,306,770
tria,1742,299,305,770
tria,1741,301,300,769
tria,1740,306,301,769
tria,1739,300,306,769
tria,1738,218,301,768
tria,1737,307,218,768
tria,1736,301,307,768
tria,1735,308,290,767
tria,1734,291,308,767
tria,1733,290,291,767
tria,1732,309,302,766
tria,1731,308,309,766
tria,1730,302,308,766
tria,1729,310,303,765
tria,1728,309,310,765
tria,1727,303,309,765
tria,1726,311,304,764
tria,1725,310,311,764
tria,1724,304,310,764
tria,1723,312,305,763
tria,1722,311,312,763
tria,1721,305,311,763
tria,1720,307,306,762
tria,1719,312,307,762
tria,1718,306,312,762
tria,1717,219,307,761
tria,1716,313,219,761
tria,1715,307,313,761
tria,1714,314,291,760
tria,1713,292,314,760
tria,1712,291,292,760
tria,1711,315,308,759
tria,1710,314,315,759
tria,1709,308,314,759
tria,1708,316,309,758
tria,1707,315,316,758
tria,1706,309,315,758
tria,1705,317,310,757
tria,1704,316,317,757
tria,1703,310,316,757
tria,1702,318,311,756
tria,1701,317,318,756
tria,1700,311,317,756
tria,1699,313,312,755
tria,1698,318,313,755
tria,1697,312,318,755
tria,1696,220,313,754
tria,1695,319,220,754
tria,1694,313,319,754
tria,1693,320,292,753
tria,1692,293,320,753
tria,1691,292,293,753
tria,1690,321,314,752
tria,1689,320,321,752
tria,1688,314,320,752
tria,1687,322,315,751
tria,1686,321,322,751
tria,1685,315,321,751
tria,1684,323,316,750
tria,1683,322,323,750
tria,1682,316,322,750
tria,1681,318,317,749
tria,1680,323,318,749
tria,1679,317,323,749
tria,1678,319,318,748
tria,1677,324,319,748
tria,1676,318,324,748
tria,1675,221,319,747
tria,1674,325,221,747
tria,1673,319,325,747
tria,1672,326,293,746
tria,1671,294,326,746
tria,1670,293,294,746
tria,1669,327,320,745
tria,1668,326,327,745
tria,1667,320,326,745
tria,1666,328,321,744
tria,1665,327,328,744
tria,1664,321,327,744
tria,1663,329,322,743
tria,1662,328,329,743
tria,1661,322,328,743
tria,1660,324,323,742
tria,1659,329,324,742
tria,1658,323,329,742
tria,1657,325,324,741
tria,1656,330,325,741
tria,1655,324,330,741
tria,1654,222,325,740
tria,1653,331,222,740
tria,1652,325,331,740
tria,1651,332,294,739
tria,1650,295,332,739
tria,1649,294,295,739
tria,1648,333,326,738
tria,1647,332,333,738
tria,1646,326,332,738
tria,1645,328,327,737
tria,1644,333,328,737
tria,1643,327,333,737
tria,1642,329,328,736
tria,1641,334,329,736
tria,1640,328,334,736
tria,1639,330,329,735
tria,1638,335,330,735
tria,1637,329,335,735
tria,1636,331,330,734
tria,1635,336,331,734
tria,1634,330,336,734
tria,1633,223,331,733
tria,1632,337,223,733
tria,1631,331,337,733
tria,1630,332,295,732
tria,1629,254,332,732
tria,1628,295,254,732
tria,1627,333,332,731
tria,1626,255,333,731
tria,1625,332,255,731
tria,1624,334,333,730
tria,1623,256,334,730
tria,1622,333,256,730
tria,1621,335,334,729
tria,1620,257,335,729
tria,1619,334,257,729
tria,1618,336,335,728
tria,1617,258,336,728
tria,1616,335,258,728
tria,1615,337,336,727
tria,1614,259,337,727
tria,1613,336,259,727
tria,1612,224,337,726
tria,1611,260,224,726
tria,1610,337,260,726
tria,1609,296,261,725
tria,1608,263,296,725
tria,1607,261,263,725
tria,1606,297,265,724
tria,1605,296,297,724
tria,1604,265,296,724
tria,1603,298,266,723
tria,1602,297,298,723
tria,1601,266,297,723
tria,1600,299,267,722
tria,1599,298,299,722
tria,1598,267,298,722
tria,1597,269,268,721
tria,1596,299,269,721
tria,1595,268,299,721
tria,1594,270,269,720
tria,1593,300,270,720
tria,1592,269,300,720
tria,1591,217,270,719
tria,1590,301,217,719
tria,1589,270,301,719
tria,1588,217,301,718
tria,1587,218,217,718
tria,1586,301,218,718
tria,1585,270,300,717
tria,1584,301,270,717
tria,1583,300,301,717
tria,1582,269,299,716
tria,1581,300,269,716
tria,1580,299,300,716
tria,1579,267,299,715
tria,1578,268,267,715
tria,1577,299,268,715
tria,1576,266,298,714
tria,1575,267,266,714
tria,1574,298,267,714
tria,1573,265,297,713
tria,1572,266,265,713
tria,1571,297,266,713
tria,1570,261,296,712
tria,1569,265,261,712
tria,1568,296,265,712
tria,1567,224,260,711
tria,1566,2,224,711
tria,1565,260,2,711
tria,1564,337,259,710
tria,1563,260,337,710
tria,1562,259,260,710
tria,1561,336,258,709
tria,1560,259,336,709
tria,1559,258,259,709
tria,1558,335,257,708
tria,1557,258,335,708
tria,1556,257,258,708
tria,1555,334,256,707
tria,1554,257,334,707
tria,1553,256,257,707
tria,1552,333,255,706
tria,1551,256,333,706
tria,1550,255,256,706
tria,1549,332,254,705
tria,1548,255,332,705
tria,1547,254,255,705
tria,1546,223,337,704
tria,1545,224,223,704
tria,1544,337,224,704
tria,1543,331,336,703
tria,1542,337,331,703
tria,1541,336,337,703
tria,1540,330,335,702
tria,1539,336,330,702
tria,1538,335,336,702
tria,1537,329,334,701
tria,1536,335,329,701
tria,1535,334,335,701
tria,1534,328,333,700
tria,1533,334,328,700
tria,1532,333,334,700
tria,1531,326,333,699
tria,1530,327,326,699
tria,1529,333,327,699
tria,1528,294,332,698
tria,1527,326,294,698
tria,1526,332,326,698
tria,1525,222,331,697
tria,1524,223,222,697
tria,1523,331,223,697
tria,1522,325,330,696
tria,1521,331,325,696
tria,1520,330,331,696
tria,1519,324,329,695
tria,1518,330,324,695
tria,1517,329,330,695
tria,1516,322,329,694
tria,1515,323,322,694
tria,1514,329,323,694
tria,1513,321,328,693
tria,1512,322,321,693
tria,1511,328,322,693
tria,1510,320,327,692
tria,1509,321,320,692
tria,1508,327,321,692
tria,1507,293,326,691
tria,1506,320,293,691
tria,1505,326,320,691
tria,1504,221,325,690
tria,1503,222,221,690
tria,1502,325,222,690
tria,1501,319,324,689
tria,1500,325,319,689
tria,1499,324,325,689
tria,1498,318,323,688
tria,1497,324,318,688
tria,1496,323,324,688
tria,1495,316,323,687
tria,1494,317,316,687
tria,1493,323,317,687
tria,1492,315,322,686
tria,1491,316,315,686
tria,1490,322,316,686
tria,1489,314,321,685
tria,1488,315,314,685
tria,1487,321,315,685
tria,1486,292,320,684
tria,1485,314,292,684
tria,1484,320,314,684
tria,1483,220,319,683
tria,1482,221,220,683
tria,1481,319,221,683
tria,1480,313,318,682
tria,1479,319,313,682
tria,1478,318,319,682
tria,1477,311,318,681
tria,1476,312,311,681
tria,1475,318,312,681
tria,1474,310,317,680
tria,1473,311,310,680
tria,1472,317,311,680
tria,1471,309,316,679
tria,1470,310,309,679
tria,1469,316,310,679
tria,1468,308,315,678
tria,1467,309,308,678
tria,1466,315,309,678
tria,1465,291,314,677
tria,1464,308,291,677
tria,1463,314,308,677
tria,1462,219,313,676
tria,1461,220,219,676
tria,1460,313,220,676
tria,1459,307,312,675
tria,1458,313,307,675
tria,1457,312,313,675
tria,1456,305,312,674
tria,1455,306,305,674
tria,1454,312,306,674
tria,1453,304,311,673
tria,1452,305,304,673
tria,1451,311,305,673
tria,1450,303,310,672
tria,1449,304,303,672
tria,1448,310,304,672
tria,1447,302,309,671
tria,1446,303,302,671
tria,1445,309,303,671
tria,1444,290,308,670
tria,1443,302,290,670
tria,1442,308,302,670
tria,1441,218,307,669
tria,1440,219,218,669
tria,1439,307,219,669
tria,1438,301,306,668
tria,1437,307,301,668
tria,1436,306,307,668
tria,1435,299,306,667
tria,1434,300,299,667
tria,1433,306,300,667
tria,1432,298,305,666
tria,1431,299,298,666
tria,1430,305,299,666
tria,1429,297,304,665
tria,1428,298,297,665
tria,1427,304,298,665
tria,1426,296,303,664
tria,1425,297,296,664
tria,1424,303,297,664
tria,1423,263,302,663
tria,1422,296,263,663
tria,1421,302,296,663
tria,1420,254,283,662
tria,1419,253,254,662
tria,1418,283,253,662
tria,1417,295,282,661
tria,1416,283,295,661
tria,1415,282,283,661
tria,1414,294,281,660
tria,1413,282,294,660
tria,1412,281,282,660
tria,1411,293,280,659
tria,1410,281,293,659
tria,1409,280,281,659
tria,1408,292,279,658
tria,1407,280,292,658
tria,1406,279,280,658
tria,1405,291,278,657
tria,1404,279,291,657
tria,1403,278,279,657
tria,1402,290,262,656
tria,1401,278,290,656
tria,1400,262,278,656
tria,1399,252,250,655
tria,1398,251,252,655
tria,1397,250,251,655
tria,1396,289,249,654
tria,1395,250,289,654
tria,1394,249,250,654
tria,1393,288,248,653
tria,1392,249,288,653
tria,1391,248,249,653
tria,1390,287,247,652
tria,1389,248,287,652
tria,1388,247,248,652
tria,1387,286,246,651
tria,1386,247,286,651
tria,1385,246,247,651
tria,1384,285,245,650
tria,1383,246,285,650
tria,1382,245,246,650
tria,1381,284,244,649
tria,1380,245,284,649
tria,1379,244,245,649
tria,1378,253,289,648
tria,1377,252,253,648
tria,1376,289,252,648
tria,1375,283,288,647
tria,1374,289,283,647
tria,1373,288,289,647
tria,1372,282,287,646
tria,1371,288,282,646
tria,1370,287,288,646
tria,1369,281,286,645
tria,1368,287,281,645
tria,1367,286,287,645
tria,1366,280,285,644
tria,1365,286,280,644
tria,1364,285,286,644
tria,1363,279,284,643
tria,1362,285,279,643
tria,1361,284,285,643
tria,1360,278,277,642
tria,1359,284,278,642
tria,1358,277,284,642
tria,1357,244,264,641
tria,1356,243,244,641
tria,1355,264,243,641
tria,1354,277,261,640
tria,1353,264,277,640
tria,1352,261,264,640
tria,1351,237,216,639
tria,1350,215,237,639
tria,1349,216,215,639
tria,1348,276,217,638
tria,1347,216,276,638
tria,1346,217,216,638
tria,1345,238,276,637
tria,1344,237,238,637
tria,1343,276,237,637
tria,1342,275,270,636
tria,1341,276,275,636
tria,1340,270,276,636
tria,1339,239,275,635
tria,1338,238,239,635
tria,1337,275,238,635
tria,1336,274,269,634
tria,1335,275,274,634
tria,1334,269,275,634
tria,1333,240,274,633
tria,1332,239,240,633
tria,1331,274,239,633
tria,1330,273,268,632
tria,1329,274,273,632
tria,1328,268,274,632
tria,1327,241,273,631
tria,1326,240,241,631
tria,1325,273,240,631
tria,1324,272,267,630
tria,1323,273,272,630
tria,1322,267,273,630
tria,1321,242,272,629
tria,1320,241,242,629
tria,1319,272,241,629
tria,1318,271,266,628
tria,1317,272,271,628
tria,1316,266,272,628
tria,1315,243,271,627
tria,1314,242,243,627
tria,1313,271,242,627
tria,1312,264,265,626
tria,1311,271,264,626
tria,1310,265,271,626
tria,1309,404,410,625
tria,1308,411,404,625
tria,1307,410,411,625
tria,1306,433,404,624
tria,1305,432,433,624
tria,1304,404,432,624
tria,1303,403,409,623
tria,1302,404,403,623
tria,1301,409,404,623
tria,1300,434,403,622
tria,1299,433,434,622
tria,1298,403,433,622
tria,1297,402,408,621
tria,1296,403,402,621
tria,1295,408,403,621
tria,1294,435,402,620
tria,1293,434,435,620
tria,1292,402,434,620
tria,1291,401,407,619
tria,1290,402,401,619
tria,1289,407,402,619
tria,1288,436,401,618
tria,1287,435,436,618
tria,1286,401,435,618
tria,1285,400,406,617
tria,1284,401,400,617
tria,1283,406,401,617
tria,1282,437,400,616
tria,1281,436,437,616
tria,1280,400,436,616
tria,1279,399,405,615
tria,1278,400,399,615
tria,1277,405,400,615
tria,1276,438,399,614
tria,1275,437,438,614
tria,1274,399,437,614
tria,1273,11,10,613
tria,1272,399,11,613
tria,1271,10,399,613
tria,1270,12,11,612
tria,1269,438,12,612
tria,1268,11,438,612
tria,1267,411,414,611
tria,1266,398,411,611
tria,1265,414,398,611
tria,1264,432,411,610
tria,1263,431,432,610
tria,1262,411,431,610
tria,1261,391,398,609
tria,1260,397,391,609
tria,1259,398,397,609
tria,1258,390,391,608
tria,1257,396,390,608
tria,1256,391,396,608
tria,1255,389,390,607
tria,1254,395,389,607
tria,1253,390,395,607
tria,1252,388,389,606
tria,1251,394,388,606
tria,1250,389,394,606
tria,1249,387,388,605
tria,1248,393,387,605
tria,1247,388,393,605
tria,1246,386,387,604
tria,1245,392,386,604
tria,1244,387,392,604
tria,1243,252,386,603
tria,1242,253,252,603
tria,1241,386,253,603
tria,1240,430,431,602
tria,1239,391,430,602
tria,1238,431,391,602
tria,1237,429,430,601
tria,1236,390,429,601
tria,1235,430,390,601
tria,1234,428,429,600
tria,1233,389,428,600
tria,1232,429,389,600
tria,1231,427,428,599
tria,1230,388,427,599
tria,1229,428,388,599
tria,1228,426,427,598
tria,1227,387,426,598
tria,1226,427,387,598
tria,1225,425,426,597
tria,1224,386,425,597
tria,1223,426,386,597
tria,1222,251,425,596
tria,1221,252,251,596
tria,1220,425,252,596
tria,1219,397,413,595
tria,1218,385,397,595
tria,1217,413,385,595
tria,1216,396,397,594
tria,1215,384,396,594
tria,1214,397,384,594
tria,1213,395,396,593
tria,1212,383,395,593
tria,1211,396,383,593
tria,1210,394,395,592
tria,1209,382,394,592
tria,1208,395,382,592
tria,1207,393,394,591
tria,1206,381,393,591
tria,1205,394,381,591
tria,1204,392,393,590
tria,1203,380,392,590
tria,1202,393,380,590
tria,1201,253,392,589
tria,1200,254,253,589
tria,1199,392,254,589
tria,1198,379,373,588
tria,1197,412,379,588
tria,1196,373,412,588
tria,1195,378,372,587
tria,1194,379,378,587
tria,1193,372,379,587
tria,1192,377,371,586
tria,1191,378,377,586
tria,1190,371,378,586
tria,1189,376,370,585
tria,1188,377,376,585
tria,1187,370,377,585
tria,1186,375,369,584
tria,1185,376,375,584
tria,1184,369,376,584
tria,1183,368,369,583
tria,1182,374,368,583
tria,1181,369,374,583
tria,1180,8,368,582
tria,1179,9,8,582
tria,1178,368,9,582
tria,1177,373,367,581
tria,1176,385,373,581
tria,1175,367,385,581
tria,1174,372,366,580
tria,1173,373,372,580
tria,1172,366,373,580
tria,1171,371,365,579
tria,1170,372,371,579
tria,1169,365,372,579
tria,1168,370,364,578
tria,1167,371,370,578
tria,1166,364,371,578
tria,1165,369,363,577
tria,1164,370,369,577
tria,1163,363,370,577
tria,1162,362,363,576
tria,1161,368,362,576
tria,1160,363,368,576
tria,1159,7,362,575
tria,1158,8,7,575
tria,1157,362,8,575
tria,1156,367,361,574
tria,1155,384,367,574
tria,1154,361,384,574
tria,1153,366,360,573
tria,1152,367,366,573
tria,1151,360,367,573
tria,1150,365,359,572
tria,1149,366,365,572
tria,1148,359,366,572
tria,1147,364,358,571
tria,1146,365,364,571
tria,1145,358,365,571
tria,1144,363,357,570
tria,1143,364,363,570
tria,1142,357,364,570
tria,1141,356,357,569
tria,1140,362,356,569
tria,1139,357,362,569
tria,1138,6,356,568
tria,1137,7,6,568
tria,1136,356,7,568
tria,1135,361,355,567
tria,1134,383,361,567
tria,1133,355,383,567
tria,1132,360,354,566
tria,1131,361,360,566
tria,1130,354,361,566
tria,1129,359,353,565
tria,1128,360,359,565
tria,1127,353,360,565
tria,1126,358,352,564
tria,1125,359,358,564
tria,1124,352,359,564
tria,1123,351,352,563
tria,1122,357,351,563
tria,1121,352,357,563
tria,1120,350,351,562
tria,1119,356,350,562
tria,1118,351,356,562
tria,1117,5,350,561
tria,1116,6,5,561
tria,1115,350,6,561
tria,1114,355,349,560
tria,1113,382,355,560
tria,1112,349,382,560
tria,1111,354,348,559
tria,1110,355,354,559
tria,1109,348,355,559
tria,1108,353,347,558
tria,1107,354,353,558
tria,1106,347,354,558
tria,1105,352,346,557
tria,1104,353,352,557
tria,1103,346,353,557
tria,1102,345,346,556
tria,1101,351,345,556
tria,1100,346,351,556
tria,1099,344,345,555
tria,1098,350,344,555
tria,1097,345,350,555
tria,1096,4,344,554
tria,1095,5,4,554
tria,1094,344,5,554
tria,1093,349,343,553
tria,1092,381,349,553
tria,1091,343,381,553
tria,1090,348,342,552
tria,1089,349,348,552
tria,1088,342,349,552
tria,1087,341,342,551
tria,1086,347,341,551
tria,1085,342,347,551
tria,1084,340,341,550
tria,1083,346,340,550
tria,1082,341,346,550
tria,1081,339,340,549
tria,1080,345,339,549
tria,1079,340,345,549
tria,1078,338,339,548
tria,1077,344,338,548
tria,1076,339,344,548
tria,1075,3,338,547
tria,1074,4,3,547
tria,1073,338,4,547
tria,1072,255,254,546
tria,1071,343,255,546
tria,1070,254,343,546
tria,1069,256,255,545
tria,1068,342,256,545
tria,1067,255,342,545
tria,1066,257,256,544
tria,1065,341,257,544
tria,1064,256,341,544
tria,1063,258,257,543
tria,1062,340,258,543
tria,1061,257,340,543
tria,1060,259,258,542
tria,1059,339,259,542
tria,1058,258,339,542
tria,1057,260,259,541
tria,1056,338,260,541
tria,1055,259,338,541
tria,1054,2,260,540
tria,1053,3,2,540
tria,1052,260,3,540
tria,1051,410,379,539
tria,1050,414,410,539
tria,1049,379,414,539
tria,1048,409,378,538
tria,1047,410,409,538
tria,1046,378,410,538
tria,1045,408,377,537
tria,1044,409,408,537
tria,1043,377,409,537
tria,1042,407,376,536
tria,1041,408,407,536
tria,1040,376,408,536
tria,1039,375,376,535
tria,1038,406,375,535
tria,1037,376,406,535
tria,1036,374,375,534
tria,1035,405,374,534
tria,1034,375,405,534
tria,1033,9,374,533
tria,1032,10,9,533
tria,1031,374,10,533
tria,1030,374,405,532
tria,1029,10,374,532
tria,1028,405,10,532
tria,1027,375,406,531
tria,1026,405,375,531
tria,1025,406,405,531
tria,1024,376,407,530
tria,1023,406,376,530
tria,1022,407,406,530
tria,1021,377,408,529
tria,1020,376,377,529
tria,1019,408,376,529
tria,1018,378,409,528
tria,1017,377,378,528
tria,1016,409,377,528
tria,1015,379,410,527
tria,1014,378,379,527
tria,1013,410,378,527
tria,1012,412,414,526
tria,1011,379,412,526
tria,1010,414,379,526
tria,1009,260,338,525
tria,1008,3,260,525
tria,1007,338,3,525
tria,1006,259,339,524
tria,1005,338,259,524
tria,1004,339,338,524
tria,1003,258,340,523
tria,1002,339,258,523
tria,1001,340,339,523
tria,1000,257,341,522
tria,999,340,257,522
tria,998,341,340,522
tria,997,256,342,521
tria,996,341,256,521
tria,995,342,341,521
tria,994,255,343,520
tria,993,342,255,520
tria,992,343,342,520
tria,991,254,380,519
tria,990,343,254,519
tria,989,380,343,519
tria,988,338,344,518
tria,987,4,338,518
tria,986,344,4,518
tria,985,339,345,517
tria,984,344,339,517
tria,983,345,344,517
tria,982,340,346,516
tria,981,345,340,516
tria,980,346,345,516
tria,979,341,347,515
tria,978,346,341,515
tria,977,347,346,515
tria,976,342,348,514
tria,975,347,342,514
tria,974,348,347,514
tria,973,343,349,513
tria,972,342,343,513
tria,971,349,342,513
tria,970,380,381,512
tria,969,343,380,512
tria,968,381,343,512
tria,967,344,350,511
tria,966,5,344,511
tria,965,350,5,511
tria,964,345,351,510
tria,963,350,345,510
tria,962,351,350,510
tria,961,346,352,509
tria,960,351,346,509
tria,959,352,351,509
tria,958,347,353,508
tria,957,346,347,508
tria,956,353,346,508
tria,955,348,354,507
tria,954,347,348,507
tria,953,354,347,507
tria,952,349,355,506
tria,951,348,349,506
tria,950,355,348,506
tria,949,381,382,505
tria,948,349,381,505
tria,947,382,349,505
tria,946,350,356,504
tria,945,6,350,504
tria,944,356,6,504
tria,943,351,357,503
tria,942,356,351,503
tria,941,357,356,503
tria,940,352,358,502
tria,939,357,352,502
tria,938,358,357,502
tria,937,353,359,501
tria,936,352,353,501
tria,935,359,352,501
tria,934,354,360,500
tria,933,353,354,500
tria,932,360,353,500
tria,931,355,361,499
tria,930,354,355,499
tria,929,361,354,499
tria,928,382,383,498
tria,927,355,382,498
tria,926,383,355,498
tria,925,356,362,497
tria,924,7,356,497
tria,923,362,7,497
tria,922,357,363,496
tria,921,362,357,496
tria,920,363,362,496
tria,919,358,364,495
tria,918,357,358,495
tria,917,364,357,495
tria,916,359,365,494
tria,915,358,359,494
tria,914,365,358,494
tria,913,360,366,493
tria,912,359,360,493
tria,911,366,359,493
tria,910,361,367,492
tria,909,360,361,492
tria,908,367,360,492
tria,907,383,384,491
tria,906,361,383,491
tria,905,384,361,491
tria,904,362,368,490
tria,903,8,362,490
tria,902,368,8,490
tria,901,363,369,489
tria,900,368,363,489
tria,899,369,368,489
tria,898,364,370,488
tria,897,363,364,488
tria,896,370,363,488
tria,895,365,371,487
tria,894,364,365,487
tria,893,371,364,487
tria,892,366,372,486
tria,891,365,366,486
tria,890,372,365,486
tria,889,367,373,485
tria,888,366,367,485
tria,887,373,366,485
tria,886,384,385,484
tria,885,367,384,484
tria,884,385,367,484
tria,883,368,374,483
tria,882,9,368,483
tria,881,374,9,483
tria,880,369,375,482
tria,879,374,369,482
tria,878,375,374,482
tria,877,370,376,481
tria,876,369,370,481
tria,875,376,369,481
tria,874,371,377,480
tria,873,370,371,480
tria,872,377,370,480
tria,871,372,378,479
tria,870,371,372,479
tria,869,378,371,479
tria,868,373,379,478
tria,867,372,373,478
tria,866,379,372,478
tria,865,385,412,477
tria,864,373,385,477
tria,863,412,373,477
tria,862,392,380,476
tria,861,254,392,476
tria,860,380,254,476
tria,859,393,381,475
tria,858,380,393,475
tria,857,381,380,475
tria,856,394,382,474
tria,855,381,394,474
tria,854,382,381,474
tria,853,395,383,473
tria,852,382,395,473
tria,851,383,382,473
tria,850,396,384,472
tria,849,383,396,472
tria,848,384,383,472
tria,847,397,385,471
tria,846,384,397,471
tria,845,385,384,471
tria,844,413,412,470
tria,843,385,413,470
tria,842,412,385,470
tria,841,425,386,469
tria,840,252,425,469
tria,839,386,252,469
tria,838,426,387,468
tria,837,386,426,468
tria,836,387,386,468
tria,835,427,388,467
tria,834,387,427,467
tria,833,388,387,467
tria,832,428,389,466
tria,831,388,428,466
tria,830,389,388,466
tria,829,429,390,465
tria,828,389,429,465
tria,827,390,389,465
tria,826,430,391,464
tria,825,390,430,464
tria,824,391,390,464
tria,823,431,398,463
tria,822,391,431,463
tria,821,398,391,463
tria,820,386,392,462
tria,819,253,386,462
tria,818,392,253,462
tria,817,387,393,461
tria,816,392,387,461
tria,815,393,392,461
tria,814,388,394,460
tria,813,393,388,460
tria,812,394,393,460
tria,811,389,395,459
tria,810,394,389,459
tria,809,395,394,459
tria,808,390,396,458
tria,807,395,390,458
tria,806,396,395,458
tria,805,391,397,457
tria,804,396,391,457
tria,803,397,396,457
tria,802,398,413,456
tria,801,397,398,456
tria,800,413,397,456
tria,799,411,398,455
tria,798,431,411,455
tria,797,398,431,455
tria,796,414,413,454
tria,795,398,414,454
tria,794,413,398,454
tria,793,413,414,453
tria,792,412,413,453
tria,791,414,412,453
tria,790,11,399,452
tria,789,438,11,452
tria,788,399,438,452
tria,787,10,405,451
tria,786,399,10,451
tria,785,405,399,451
tria,784,399,400,450
tria,783,437,399,450
tria,782,400,437,450
tria,781,405,406,449
tria,780,400,405,449
tria,779,406,400,449
tria,778,400,401,448
tria,777,436,400,448
tria,776,401,436,448
tria,775,406,407,447
tria,774,401,406,447
tria,773,407,401,447
tria,772,401,402,446
tria,771,435,401,446
tria,770,402,435,446
tria,769,407,408,445
tria,768,402,407,445
tria,767,408,402,445
tria,766,402,403,444
tria,765,434,402,444
tria,764,403,434,444
tria,763,408,409,443
tria,762,403,408,443
tria,761,409,403,443
tria,760,403,404,442
tria,759,433,403,442
tria,758,404,433,442
tria,757,409,410,441
tria,756,404,409,441
tria,755,410,404,441
tria,754,404,411,440
tria,753,432,404,440
tria,752,411,432,440
tria,751,410,414,439
tria,750,411,410,439
tria,749,414,411,439
