node,2,0.0,0.0,0.0
node,3,10.0,0.0,0.0
node,4,20.0,0.0,0.0
node,5,30.0,0.0,0.0
node,6,40.0,0.0,0.0
node,7,50.0,0.0,0.0
node,8,60.0,0.0,0.0
node,9,70.0,0.0,0.0
node,10,80.0,0.0,0.0
node,11,90.0,0.0,0.0
node,12,100.0,0.0,0.0
node,13,99.452189536827,10.452846326765,0.0
node,14,97.81476007338,20.791169081776,0.0
node,15,95.105651629515,30.901699437495,0.0
node,16,91.35454576426,40.67366430758,0.0
node,17,86.602540378444,50.0,0.0
node,18,80.901699437495,58.778525229247,0.0
node,19,74.314482547739,66.913060635886,0.0
node,20,66.913060635886,74.314482547739,0.0
node,21,58.778525229247,80.901699437495,0.0
node,22,50.0,86.602540378444,0.0
node,23,40.67366430758,91.35454576426,0.0
node,24,30.901699437495,95.105651629515,0.0
node,25,20.791169081776,97.81476007338,0.0
node,26,10.452846326765,99.452189536827,0.0
node,27,0.0,100.0,0.0
node,28,0.0,90.0,0.0
node,29,0.0,80.0,0.0
node,30,0.0,70.0,0.0
node,31,0.0,60.0,0.0
node,32,0.0,50.0,0.0
node,33,0.0,40.0,0.0
node,34,0.0,30.0,0.0
node,35,0.0,20.0,0.0
node,36,0.0,10.0,0.0
node,37,65.762415292444,59.129200650219,0.0
node,38,59.793890064333,65.118239849787,0.0
node,39,59.470668632345,58.575411299773,0.0
node,40,70.040190230334,62.719468172302,0.0
node,41,69.479763572176,51.767444665954,0.0
node,42,72.821458996126,43.729002594316,0.0
node,43,75.563456338564,35.387168664117,0.0
node,44,77.670896478205,26.72339539597,0.0
node,45,79.087214962072,17.906097060097,0.0
node,46,79.83613494023,8.9752986048859,0.0
node,47,75.472106890746,54.719714168166,0.0
node,48,79.948174842786,46.256462989982,0.0
node,49,83.60673294277,37.503453116992,0.0
node,50,86.471087908174,28.399055824282,0.0
node,51,88.487851583813,19.0616806408,0.0
node,52,89.655872331576,9.5636839978213,0.0
node,53,63.044483576463,69.723694541438,0.0
node,54,52.522549679526,68.799217459235,0.0
node,55,44.525382386473,72.139852245979,0.0
node,56,36.171133712881,74.923464318001,0.0
node,57,27.4201339803,77.115309687417,0.0
node,58,18.439242737107,78.653394779186,0.0
node,59,9.2708796470585,79.576016748504,0.0
node,60,55.090359190328,75.134024602819,0.0
node,61,46.655814093401,79.602725202317,0.0
node,62,37.900085581696,83.277449820296,0.0
node,63,28.756192794522,86.179018486142,0.0
node,64,19.338955345115,88.251842586289,0.0
node,65,9.7242044170127,89.504045078904,0.0
node,66,52.170174801745,61.003082365974,0.0
node,67,44.099416296654,63.61440442315,0.0
node,68,35.795378762025,65.838124088384,0.0
node,69,27.105989587554,67.594178668974,0.0
node,70,18.23200303511,68.813715684452,0.0
node,71,9.1676916459605,69.556670791797,0.0
node,72,61.964624618325,51.136056200661,0.0
node,73,64.577946394322,43.003792643796,0.0
node,74,66.739271917774,34.713252672443,0.0
node,75,68.367171986673,26.149879204287,0.0
node,76,69.402138058958,17.502942696268,0.0
node,77,69.891998348806,8.7699031645932,0.0
node,78,53.891389451431,52.73635866997,0.0
node,79,56.05828215602,44.024161426537,0.0
node,80,57.798457781629,35.428167518731,0.0
node,81,59.041527099866,26.635035302443,0.0
node,82,59.753790321354,17.813862303341,0.0
node,83,59.998648353389,8.9216995144278,0.0
node,84,45.273414193791,54.881731584053,0.0
node,85,46.989934974545,45.696278283939,0.0
node,86,48.431514110027,36.703008307171,0.0
node,87,49.435019382056,27.562909709542,0.0
node,88,49.961684619318,18.422490346656,0.0
node,89,50.071886202112,9.2212401190081,0.0
node,90,36.677973430392,56.690373339904,0.0
node,91,38.009182418612,47.202481863562,0.0
node,92,39.128857078334,37.882579098342,0.0
node,93,39.871856176815,28.446101292324,0.0
node,94,40.206030622322,19.0093182913,0.0
node,95,40.180030924312,9.516303045693,0.0
node,96,27.745242649899,58.091881708656,0.0
node,97,28.731722791006,48.379731320773,0.0
node,98,29.56742980633,38.801384925466,0.0
node,99,30.101870785508,29.139368359026,0.0
node,100,30.307048218589,19.47171953043,0.0
node,101,30.219000378302,9.7509164958036,0.0
node,102,18.662403133872,59.041159319728,0.0
node,103,19.314662093528,49.177929099495,0.0
node,104,19.862643860061,39.417995166393,0.0
node,105,20.199423847648,29.606956119815,0.0
node,106,20.305542618777,19.785190238212,0.0
node,107,20.202944761924,9.913291847019,0.0
node,108,9.3823487955094,59.605926733978,0.0
node,109,9.704210487636,49.6509081693,0.0
node,110,9.9763460859546,39.766391249056,0.0
node,111,10.139092944631,29.862597965219,0.0
node,112,10.184064410682,19.949288975793,0.0
node,113,10.121526646504,9.9977088603243,0.0
node,114,-10.1215266465,9.9977088603243,0.0
node,115,-10.18406441068,19.949288975793,0.0
node,116,-10.13909294463,29.862597965219,0.0
node,117,-9.976346085955,39.766391249056,0.0
node,118,-9.704210487636,49.6509081693,0.0
node,119,-9.382348795509,59.605926733978,0.0
node,120,-20.20294476192,9.913291847019,0.0
node,121,-20.30554261878,19.785190238212,0.0
node,122,-20.19942384765,29.606956119815,0.0
node,123,-19.86264386006,39.417995166393,0.0
node,124,-19.31466209353,49.177929099495,0.0
node,125,-18.66240313387,59.041159319728,0.0
node,126,-30.2190003783,9.7509164958036,0.0
node,127,-30.30704821859,19.47171953043,0.0
node,128,-30.10187078551,29.139368359026,0.0
node,129,-29.56742980633,38.801384925466,0.0
node,130,-28.731722791,48.379731320773,0.0
node,131,-27.7452426499,58.091881708656,0.0
node,132,-40.18003092431,9.516303045693,0.0
node,133,-40.20603062232,19.0093182913,0.0
node,134,-39.87185617681,28.446101292324,0.0
node,135,-39.12885707833,37.882579098342,0.0
node,136,-38.00918241861,47.202481863562,0.0
node,137,-36.67797343039,56.690373339904,0.0
node,138,-50.07188620211,9.2212401190081,0.0
node,139,-49.96168461932,18.422490346656,0.0
node,140,-49.43501938206,27.562909709542,0.0
node,141,-48.43151411003,36.703008307171,0.0
node,142,-46.98993497454,45.696278283939,0.0
node,143,-45.27341419379,54.881731584053,0.0
node,144,-59.99864835339,8.9216995144278,0.0
node,145,-59.75379032135,17.813862303341,0.0
node,146,-59.04152709987,26.635035302443,0.0
node,147,-57.79845778163,35.428167518731,0.0
node,148,-56.05828215602,44.024161426537,0.0
node,149,-53.89138945143,52.73635866997,0.0
node,150,-69.89199834881,8.7699031645932,0.0
node,151,-69.40213805896,17.502942696268,0.0
node,152,-68.36717198667,26.149879204287,0.0
node,153,-66.73927191777,34.713252672443,0.0
node,154,-64.57794639432,43.003792643796,0.0
node,155,-61.96462461832,51.136056200661,0.0
node,156,-9.16769164596,69.556670791797,0.0
node,157,-18.23200303511,68.813715684452,0.0
node,158,-27.10598958755,67.594178668974,0.0
node,159,-35.79537876202,65.838124088384,0.0
node,160,-44.09941629665,63.61440442315,0.0
node,161,-52.17017480174,61.003082365974,0.0
node,162,-9.724204417013,89.504045078904,0.0
node,163,-19.33895534511,88.251842586289,0.0
node,164,-28.75619279452,86.179018486142,0.0
node,165,-37.9000855817,83.277449820296,0.0
node,166,-46.6558140934,79.602725202317,0.0
node,167,-55.09035919033,75.134024602819,0.0
node,168,-9.270879647058,79.576016748504,0.0
node,169,-18.43924273711,78.653394779186,0.0
node,170,-27.4201339803,77.115309687417,0.0
node,171,-36.17113371288,74.923464318001,0.0
node,172,-44.52538238647,72.139852245979,0.0
node,173,-52.52254967953,68.799217459235,0.0
node,174,-63.04448357646,69.723694541438,0.0
node,175,-89.65587233158,9.5636839978213,0.0
node,176,-88.48785158381,19.0616806408,0.0
node,177,-86.47108790817,28.399055824282,0.0
node,178,-83.60673294277,37.503453116992,0.0
node,179,-79.94817484279,46.256462989982,0.0
node,180,-75.47210689075,54.719714168166,0.0
node,181,-79.83613494023,8.9752986048859,0.0
node,182,-79.08721496207,17.906097060097,0.0
node,183,-77.6708964782,26.72339539597,0.0
node,184,-75.56345633856,35.387168664117,0.0
node,185,-72.82145899613,43.729002594316,0.0
node,186,-69.47976357218,51.767444665954,0.0
node,187,-70.04019023033,62.719468172302,0.0
node,188,-59.47066863234,58.575411299773,0.0
node,189,-59.79389006433,65.118239849787,0.0
node,190,-65.76241529244,59.129200650219,0.0
node,201,-10.45284632676,99.452189536827,0.0
node,202,-20.79116908178,97.81476007338,0.0
node,203,-30.90169943749,95.105651629515,0.0
node,204,-40.67366430758,91.35454576426,0.0
node,205,-50.0,86.602540378444,0.0
node,206,-58.77852522925,80.901699437495,0.0
node,207,-66.91306063588,74.314482547739,0.0
node,208,-74.31448254774,66.913060635886,0.0
node,209,-80.90169943749,58.778525229247,0.0
node,210,-86.60254037844,50.0,0.0
node,211,-91.35454576426,40.67366430758,0.0
node,212,-95.10565162952,30.901699437495,0.0
node,213,-97.81476007338,20.791169081776,0.0
node,214,-99.45218953683,10.452846326765,0.0
node,215,-100.0,0.0,0.0
node,216,-90.0,0.0,0.0
node,217,-80.0,0.0,0.0
node,218,-70.0,0.0,0.0
node,219,-60.0,0.0,0.0
node,220,-50.0,0.0,0.0
node,221,-40.0,0.0,0.0
node,222,-30.0,0.0,0.0
node,223,-20.0,0.0,0.0
node,224,-10.0,0.0,0.0
node,237,-99.45218953683,-10.45284632676,0.0
node,238,-97.81476007338,-20.79116908178,0.0
node,239,-95.10565162952,-30.90169943749,0.0
node,240,-91.35454576426,-40.67366430758,0.0
node,241,-86.60254037844,-50.0,0.0
node,242,-80.90169943749,-58.77852522925,0.0
node,243,-74.31448254774,-66.91306063588,0.0
node,244,-66.91306063588,-74.31448254774,0.0
node,245,-58.77852522925,-80.90169943749,0.0
node,246,-50.0,-86.60254037844,0.0
node,247,-40.67366430758,-91.35454576426,0.0
node,248,-30.90169943749,-95.10565162952,0.0
node,249,-20.79116908178,-97.81476007338,0.0
node,250,-10.45284632676,-99.45218953683,0.0
node,251,0.0,-100.0,0.0
node,252,0.0,-90.0,0.0
node,253,0.0,-80.0,0.0
node,254,0.0,-70.0,0.0
node,255,0.0,-60.0,0.0
node,256,0.0,-50.0,0.0
node,257,0.0,-40.0,0.0
node,258,0.0,-30.0,0.0
node,259,0.0,-20.0,0.0
node,260,0.0,-10.0,0.0
node,261,-65.76241529244,-59.12920065022,0.0
node,262,-59.79389006433,-65.11823984979,0.0
node,263,-59.47066863234,-58.57541129977,0.0
node,264,-70.04019023033,-62.7194681723,0.0
node,265,-69.47976357218,-51.76744466595,0.0
node,266,-72.82145899613,-43.72900259432,0.0
node,267,-75.56345633856,-35.38716866412,0.0
node,268,-77.6708964782,-26.72339539597,0.0
node,269,-79.08721496207,-17.9060970601,0.0
node,270,-79.83613494023,-8.975298604886,0.0
node,271,-75.47210689075,-54.71971416817,0.0
node,272,-79.94817484279,-46.25646298998,0.0
node,273,-83.60673294277,-37.50345311699,0.0
node,274,-86.47108790817,-28.39905582428,0.0
node,275,-88.48785158381,-19.0616806408,0.0
node,276,-89.65587233158,-9.563683997821,0.0
node,277,-63.04448357646,-69.72369454144,0.0
node,278,-52.52254967953,-68.79921745924,0.0
node,279,-44.52538238647,-72.13985224598,0.0
node,280,-36.17113371288,-74.923464318,0.0
node,281,-27.4201339803,-77.11530968742,0.0
node,282,-18.43924273711,-78.65339477918,0.0
node,283,-9.270879647058,-79.5760167485,0.0
node,284,-55.09035919033,-75.13402460282,0.0
node,285,-46.6558140934,-79.60272520232,0.0
node,286,-37.9000855817,-83.2774498203,0.0
node,287,-28.75619279452,-86.17901848614,0.0
node,288,-19.33895534511,-88.25184258629,0.0
node,289,-9.724204417013,-89.5040450789,0.0
node,290,-52.17017480174,-61.00308236597,0.0
node,291,-44.09941629665,-63.61440442315,0.0
node,292,-35.79537876202,-65.83812408838,0.0
node,293,-27.10598958755,-67.59417866897,0.0
node,294,-18.23200303511,-68.81371568445,0.0
node,295,-9.16769164596,-69.5566707918,0.0
node,296,-61.96462461832,-51.13605620066,0.0
node,297,-64.57794639432,-43.0037926438,0.0
node,298,-66.73927191777,-34.71325267244,0.0
node,299,-68.36717198667,-26.14987920429,0.0
node,300,-69.40213805896,-17.50294269627,0.0
node,301,-69.89199834881,-8.769903164593,0.0
node,302,-53.89138945143,-52.73635866997,0.0
node,303,-56.05828215602,-44.02416142654,0.0
node,304,-57.79845778163,-35.42816751873,0.0
node,305,-59.04152709987,-26.63503530244,0.0
node,306,-59.75379032135,-17.81386230334,0.0
node,307,-59.99864835339,-8.921699514428,0.0
node,308,-45.27341419379,-54.88173158405,0.0
node,309,-46.98993497454,-45.69627828394,0.0
node,310,-48.43151411003,-36.70300830717,0.0
node,311,-49.43501938206,-27.56290970954,0.0
node,312,-49.96168461932,-18.42249034666,0.0
node,313,-50.07188620211,-9.221240119008,0.0
node,314,-36.67797343039,-56.6903733399,0.0
node,315,-38.00918241861,-47.20248186356,0.0
node,316,-39.12885707833,-37.88257909834,0.0
node,317,-39.87185617681,-28.44610129232,0.0
node,318,-40.20603062232,-19.0093182913,0.0
node,319,-40.18003092431,-9.516303045693,0.0
node,320,-27.7452426499,-58.09188170866,0.0
node,321,-28.731722791,-48.37973132077,0.0
node,322,-29.56742980633,-38.80138492546,0.0
node,323,-30.10187078551,-29.13936835903,0.0
node,324,-30.30704821859,-19.47171953043,0.0
node,325,-30.2190003783,-9.750916495804,0.0
node,326,-18.66240313387,-59.04115931973,0.0
node,327,-19.31466209353,-49.1779290995,0.0
node,328,-19.86264386006,-39.41799516639,0.0
node,329,-20.19942384765,-29.60695611982,0.0
node,330,-20.30554261878,-19.78519023821,0.0
node,331,-20.20294476192,-9.913291847019,0.0
node,332,-9.382348795509,-59.60592673398,0.0
node,333,-9.704210487636,-49.6509081693,0.0
node,334,-9.976346085955,-39.76639124906,0.0
node,335,-10.13909294463,-29.86259796522,0.0
node,336,-10.18406441068,-19.94928897579,0.0
node,337,-10.1215266465,-9.997708860324,0.0
node,338,10.121526646504,-9.997708860324,0.0
node,339,10.184064410682,-19.94928897579,0.0
node,340,10.139092944631,-29.86259796522,0.0
node,341,9.9763460859546,-39.76639124906,0.0
node,342,9.704210487636,-49.6509081693,0.0
node,343,9.3823487955094,-59.60592673398,0.0
node,344,20.202944761924,-9.913291847019,0.0
node,345,20.305542618777,-19.78519023821,0.0
node,346,20.199423847648,-29.60695611982,0.0
node,347,19.862643860061,-39.41799516639,0.0
node,348,19.314662093528,-49.1779290995,0.0
node,349,18.662403133872,-59.04115931973,0.0
node,350,30.219000378302,-9.750916495804,0.0
node,351,30.307048218589,-19.47171953043,0.0
node,352,30.101870785508,-29.13936835903,0.0
node,353,29.56742980633,-38.80138492546,0.0
node,354,28.731722791006,-48.37973132077,0.0
node,355,27.745242649899,-58.09188170866,0.0
node,356,40.180030924312,-9.516303045693,0.0
node,357,40.206030622322,-19.0093182913,0.0
node,358,39.871856176815,-28.44610129232,0.0
node,359,39.128857078334,-37.88257909834,0.0
node,360,38.009182418612,-47.20248186356,0.0
node,361,36.677973430392,-56.6903733399,0.0
node,362,50.071886202112,-9.221240119008,0.0
node,363,49.961684619318,-18.42249034666,0.0
node,364,49.435019382056,-27.56290970954,0.0
node,365,48.431514110027,-36.70300830717,0.0
node,366,46.989934974545,-45.69627828394,0.0
node,367,45.273414193791,-54.88173158405,0.0
node,368,59.998648353389,-8.921699514428,0.0
node,369,59.753790321354,-17.81386230334,0.0
node,370,59.041527099866,-26.63503530244,0.0
node,371,57.798457781629,-35.42816751873,0.0
node,372,56.05828215602,-44.02416142654,0.0
node,373,53.891389451431,-52.73635866997,0.0
node,374,69.891998348806,-8.769903164593,0.0
node,375,69.402138058958,-17.50294269627,0.0
node,376,68.367171986673,-26.14987920429,0.0
node,377,66.739271917774,-34.71325267244,0.0
node,378,64.577946394322,-43.0037926438,0.0
node,379,61.964624618325,-51.13605620066,0.0
node,380,9.1676916459605,-69.5566707918,0.0
node,381,18.23200303511,-68.81371568445,0.0
node,382,27.105989587554,-67.59417866897,0.0
node,383,35.795378762025,-65.83812408838,0.0
node,384,44.099416296654,-63.61440442315,0.0
node,385,52.170174801745,-61.00308236597,0.0
node,386,9.7242044170126,-89.5040450789,0.0
node,387,19.338955345115,-88.25184258629,0.0
node,388,28.756192794522,-86.17901848614,0.0
node,389,37.900085581696,-83.2774498203,0.0
node,390,46.655814093401,-79.60272520232,0.0
node,391,55.090359190328,-75.13402460282,0.0
node,392,9.2708796470585,-79.5760167485,0.0
node,393,18.439242737107,-78.65339477918,0.0
node,394,27.4201339803,-77.11530968742,0.0
node,395,36.171133712881,-74.923464318,0.0
node,396,44.525382386473,-72.13985224598,0.0
node,397,52.522549679526,-68.79921745924,0.0
node,398,63.044483576463,-69.72369454144,0.0
node,399,89.655872331576,-9.563683997821,0.0
node,400,88.487851583813,-19.0616806408,0.0
node,401,86.471087908174,-28.39905582428,0.0
node,402,83.60673294277,-37.50345311699,0.0
node,403,79.948174842786,-46.25646298998,0.0
node,404,75.472106890746,-54.71971416817,0.0
node,405,79.83613494023,-8.975298604886,0.0
node,406,79.087214962072,-17.9060970601,0.0
node,407,77.670896478205,-26.72339539597,0.0
node,408,75.563456338564,-35.38716866412,0.0
node,409,72.821458996126,-43.72900259432,0.0
node,410,69.479763572176,-51.76744466595,0.0
node,411,70.040190230334,-62.7194681723,0.0
node,412,59.470668632345,-58.57541129977,0.0
node,413,59.793890064333,-65.11823984979,0.0
node,414,65.762415292444,-59.12920065022,0.0
node,425,10.452846326765,-99.45218953683,0.0
node,426,20.791169081776,-97.81476007338,0.0
node,427,30.901699437495,-95.10565162952,0.0
node,428,40.67366430758,-91.35454576426,0.0
node,429,50.0,-86.60254037844,0.0
node,430,58.778525229247,-80.90169943749,0.0
node,431,66.913060635886,-74.31448254774,0.0
node,432,74.314482547739,-66.91306063588,0.0
node,433,80.901699437495,-58.77852522925,0.0
node,434,86.602540378444,-50.0,0.0
node,435,91.35454576426,-40.67366430758,0.0
node,436,95.105651629515,-30.90169943749,0.0
node,437,97.81476007338,-20.79116908178,0.0
node,438,99.452189536827,-10.45284632676,0.0
tria,748,414,411,410
tria,747,411,432,404
tria,746,410,404,409
tria,745,404,433,403
tria,744,409,403,408
tria,743,403,434,402
tria,742,408,402,407
tria,741,402,435,401
tria,740,407,401,406
tria,739,401,436,400
tria,738,406,400,405
tria,737,400,437,399
tria,736,405,399,10
tria,735,399,438,11
tria,734,414,412,413
tria,733,413,398,414
tria,732,398,431,411
tria,731,413,397,398
tria,730,397,396,391
tria,729,396,395,390
tria,728,395,394,389
tria,727,394,393,388
tria,726,393,392,387
tria,725,392,253,386
tria,724,398,391,431
tria,723,391,390,430
tria,722,390,389,429
tria,721,389,388,428
tria,720,388,387,427
tria,719,387,386,426
tria,718,386,252,425
tria,717,412,385,413
tria,716,385,384,397
tria,715,384,383,396
tria,714,383,382,395
tria,713,382,381,394
tria,712,381,380,393
tria,711,380,254,392
tria,710,412,373,385
tria,709,379,372,373
tria,708,378,371,372
tria,707,377,370,371
tria,706,376,369,370
tria,705,375,374,369
tria,704,374,9,368
tria,703,385,367,384
tria,702,373,366,367
tria,701,372,365,366
tria,700,371,364,365
tria,699,370,363,364
tria,698,369,368,363
tria,697,368,8,362
tria,696,384,361,383
tria,695,367,360,361
tria,694,366,359,360
tria,693,365,358,359
tria,692,364,357,358
tria,691,363,362,357
tria,690,362,7,356
tria,689,383,355,382
tria,688,361,354,355
tria,687,360,353,354
tria,686,359,352,353
tria,685,358,357,352
tria,684,357,356,351
tria,683,356,6,350
tria,682,382,349,381
tria,681,355,348,349
tria,680,354,347,348
tria,679,353,346,347
tria,678,352,351,346
tria,677,351,350,345
tria,676,350,5,344
tria,675,381,343,380
tria,674,349,342,343
tria,673,348,347,342
tria,672,347,346,341
tria,671,346,345,340
tria,670,345,344,339
tria,669,344,4,338
tria,668,380,343,254
tria,667,343,342,255
tria,666,342,341,256
tria,665,341,340,257
tria,664,340,339,258
tria,663,339,338,259
tria,662,338,3,260
tria,661,414,379,412
tria,660,410,378,379
tria,659,409,377,378
tria,658,408,376,377
tria,657,407,406,376
tria,656,406,405,375
tria,655,405,10,374
tria,654,374,10,9
tria,653,375,405,374
tria,652,376,406,375
tria,651,376,408,407
tria,650,377,409,408
tria,649,378,410,409
tria,648,379,414,410
tria,647,260,3,2
tria,646,259,338,260
tria,645,258,339,259
tria,644,257,340,258
tria,643,256,341,257
tria,642,255,342,256
tria,641,254,343,255
tria,640,338,4,3
tria,639,339,344,338
tria,638,340,345,339
tria,637,341,346,340
tria,636,342,347,341
tria,635,342,349,348
tria,634,343,381,349
tria,633,344,5,4
tria,632,345,350,344
tria,631,346,351,345
tria,630,346,353,352
tria,629,347,354,353
tria,628,348,355,354
tria,627,349,382,355
tria,626,350,6,5
tria,625,351,356,350
tria,624,352,357,351
tria,623,352,359,358
tria,622,353,360,359
tria,621,354,361,360
tria,620,355,383,361
tria,619,356,7,6
tria,618,357,362,356
tria,617,357,364,363
tria,616,358,365,364
tria,615,359,366,365
tria,614,360,367,366
tria,613,361,384,367
tria,612,362,8,7
tria,611,363,368,362
tria,610,363,370,369
tria,609,364,371,370
tria,608,365,372,371
tria,607,366,373,372
tria,606,367,385,373
tria,605,368,9,8
tria,604,369,374,368
tria,603,369,376,375
tria,602,370,377,376
tria,601,371,378,377
tria,600,372,379,378
tria,599,373,412,379
tria,598,392,254,253
tria,597,393,380,392
tria,596,394,381,393
tria,595,395,382,394
tria,594,396,383,395
tria,593,397,384,396
tria,592,413,385,397
tria,591,425,252,251
tria,590,426,386,425
tria,589,427,387,426
tria,588,428,388,427
tria,587,429,389,428
tria,586,430,390,429
tria,585,431,391,430
tria,584,386,253,252
tria,583,387,392,386
tria,582,388,393,387
tria,581,389,394,388
tria,580,390,395,389
tria,579,391,396,390
tria,578,398,397,391
tria,577,411,431,432
tria,576,414,398,411
tria,575,11,438,12
tria,574,10,399,11
tria,573,399,437,438
tria,572,405,400,399
tria,571,400,436,437
tria,570,406,401,400
tria,569,401,435,436
tria,568,407,402,401
tria,567,402,434,435
tria,566,408,403,402
tria,565,403,433,434
tria,564,409,404,403
tria,563,404,432,433
tria,562,410,411,404
tria,561,265,271,264
tria,560,271,242,243
tria,559,266,272,271
tria,558,272,241,242
tria,557,267,273,272
tria,556,273,240,241
tria,555,268,274,273
tria,554,274,239,240
tria,553,269,275,274
tria,552,275,238,239
tria,551,270,276,275
tria,550,276,237,238
tria,549,217,216,276
tria,548,216,215,237
tria,547,261,264,277
tria,546,264,243,244
tria,545,277,284,278
tria,544,284,285,279
tria,543,285,286,280
tria,542,286,287,281
tria,541,287,288,282
tria,540,288,289,283
tria,539,289,252,253
tria,538,244,245,284
tria,537,245,246,285
tria,536,246,247,286
tria,535,247,248,287
tria,534,248,249,288
tria,533,249,250,289
tria,532,250,251,252
tria,531,262,278,290
tria,530,278,279,291
tria,529,279,280,292
tria,528,280,281,293
tria,527,281,282,294
tria,526,282,283,295
tria,525,283,253,254
tria,524,302,296,263
tria,523,303,297,296
tria,522,304,298,297
tria,521,305,299,298
tria,520,306,300,299
tria,519,306,307,301
tria,518,307,219,218
tria,517,308,302,290
tria,516,309,303,302
tria,515,310,304,303
tria,514,311,305,304
tria,513,312,306,305
tria,512,312,313,307
tria,511,313,220,219
tria,510,314,308,291
tria,509,315,309,308
tria,508,316,310,309
tria,507,317,311,310
tria,506,318,312,311
tria,505,318,319,313
tria,504,319,221,220
tria,503,320,314,292
tria,502,321,315,314
tria,501,322,316,315
tria,500,323,317,316
tria,499,323,324,318
tria,498,324,325,319
tria,497,325,222,221
tria,496,326,320,293
tria,495,327,321,320
tria,494,328,322,321
tria,493,329,323,322
tria,492,329,330,324
tria,491,330,331,325
tria,490,331,223,222
tria,489,332,326,294
tria,488,333,327,326
tria,487,333,334,328
tria,486,334,335,329
tria,485,335,336,330
tria,484,336,337,331
tria,483,337,224,223
tria,482,254,255,332
tria,481,255,256,333
tria,480,256,257,334
tria,479,257,258,335
tria,478,258,259,336
tria,477,259,260,337
tria,476,260,2,224
tria,475,296,265,261
tria,474,297,266,265
tria,473,298,267,266
tria,472,299,268,267
tria,471,299,300,269
tria,470,300,301,270
tria,469,301,218,217
tria,468,270,301,217
tria,467,269,300,270
tria,466,268,299,269
tria,465,267,298,299
tria,464,266,297,298
tria,463,265,296,297
tria,462,261,263,296
tria,461,337,260,224
tria,460,336,259,337
tria,459,335,258,336
tria,458,334,257,335
tria,457,333,256,334
tria,456,332,255,333
tria,455,295,254,332
tria,454,331,337,223
tria,453,330,336,331
tria,452,329,335,330
tria,451,328,334,329
tria,450,327,333,328
tria,449,326,332,333
tria,448,294,295,332
tria,447,325,331,222
tria,446,324,330,325
tria,445,323,329,324
tria,444,322,328,329
tria,443,321,327,328
tria,442,320,326,327
tria,441,293,294,326
tria,440,319,325,221
tria,439,318,324,319
tria,438,317,323,318
tria,437,316,322,323
tria,436,315,321,322
tria,435,314,320,321
tria,434,292,293,320
tria,433,313,319,220
tria,432,312,318,313
tria,431,311,317,318
tria,430,310,316,317
tria,429,309,315,316
tria,428,308,314,315
tria,427,291,292,314
tria,426,307,313,219
tria,425,306,312,307
tria,424,305,311,312
tria,423,304,310,311
tria,422,303,309,310
tria,421,302,308,309
tria,420,290,291,308
tria,419,301,307,218
tria,418,300,306,301
tria,417,299,305,306
tria,416,298,304,305
tria,415,297,303,304
tria,414,296,302,303
tria,413,263,290,302
tria,412,295,283,254
tria,411,294,282,295
tria,410,293,281,294
tria,409,292,280,293
tria,408,291,279,292
tria,407,290,278,291
tria,406,263,262,290
tria,405,289,250,252
tria,404,288,249,289
tria,403,287,248,288
tria,402,286,247,287
tria,401,285,246,286
tria,400,284,245,285
tria,399,277,244,284
tria,398,283,289,253
tria,397,282,288,283
tria,396,281,287,282
tria,395,280,286,281
tria,394,279,285,280
tria,393,278,284,279
tria,392,262,277,278
tria,391,277,264,244
tria,390,262,261,277
tria,389,261,262,263
tria,388,276,216,237
tria,387,270,217,276
tria,386,275,276,238
tria,385,269,270,275
tria,384,274,275,239
tria,383,268,269,274
tria,382,273,274,240
tria,381,267,268,273
tria,380,272,273,241
tria,379,266,267,272
tria,378,271,272,242
tria,377,265,266,271
tria,376,264,271,243
tria,375,261,265,264
tria,374,190,187,186
tria,373,187,208,180
tria,372,186,180,185
tria,371,180,209,179
tria,370,185,179,184
tria,369,179,210,178
tria,368,184,178,183
tria,367,178,211,177
tria,366,183,177,182
tria,365,177,212,176
tria,364,182,176,181
tria,363,176,213,175
tria,362,181,175,217
tria,361,175,214,216
tria,360,190,188,189
tria,359,189,174,190
tria,358,174,207,187
tria,357,189,173,174
tria,356,173,172,167
tria,355,172,171,166
tria,354,171,170,165
tria,353,170,169,164
tria,352,169,168,163
tria,351,168,29,162
tria,350,174,167,207
tria,349,167,166,206
tria,348,166,165,205
tria,347,165,164,204
tria,346,164,163,203
tria,345,163,162,202
tria,344,162,28,201
tria,343,188,161,189
tria,342,161,160,173
tria,341,160,159,172
tria,340,159,158,171
tria,339,158,157,170
tria,338,157,156,169
tria,337,156,30,168
tria,336,188,149,161
tria,335,155,148,149
tria,334,154,147,148
tria,333,153,146,147
tria,332,152,145,146
tria,331,151,150,145
tria,330,150,218,144
tria,329,161,143,160
tria,328,149,142,143
tria,327,148,141,142
tria,326,147,140,141
tria,325,146,139,140
tria,324,145,144,139
tria,323,144,219,138
tria,322,160,137,159
tria,321,143,136,137
tria,320,142,135,136
tria,319,141,134,135
tria,318,140,133,134
tria,317,139,138,133
tria,316,138,220,132
tria,315,159,131,158
tria,314,137,130,131
tria,313,136,129,130
tria,312,135,128,129
tria,311,134,133,128
tria,310,133,132,127
tria,309,132,221,126
tria,308,158,125,157
tria,307,131,124,125
tria,306,130,123,124
tria,305,129,122,123
tria,304,128,127,122
tria,303,127,126,121
tria,302,126,222,120
tria,301,157,119,156
tria,300,125,118,119
tria,299,124,123,118
tria,298,123,122,117
tria,297,122,121,116
tria,296,121,120,115
tria,295,120,223,114
tria,294,156,119,30
tria,293,119,118,31
tria,292,118,117,32
tria,291,117,116,33
tria,290,116,115,34
tria,289,115,114,35
tria,288,114,224,36
tria,287,190,155,188
tria,286,186,154,155
tria,285,185,153,154
tria,284,184,152,153
tria,283,183,182,152
tria,282,182,181,151
tria,281,181,217,150
tria,280,150,217,218
tria,279,151,181,150
tria,278,152,182,151
tria,277,152,184,183
tria,276,153,185,184
tria,275,154,186,185
tria,274,155,190,186
tria,273,36,224,2
tria,272,35,114,36
tria,271,34,115,35
tria,270,33,116,34
tria,269,32,117,33
tria,268,31,118,32
tria,267,30,119,31
tria,266,114,223,224
tria,265,115,120,114
tria,264,116,121,115
tria,263,117,122,116
tria,262,118,123,117
tria,261,118,125,124
tria,260,119,157,125
tria,259,120,222,223
tria,258,121,126,120
tria,257,122,127,121
tria,256,122,129,128
tria,255,123,130,129
tria,254,124,131,130
tria,253,125,158,131
tria,252,126,221,222
tria,251,127,132,126
tria,250,128,133,127
tria,249,128,135,134
tria,248,129,136,135
tria,247,130,137,136
tria,246,131,159,137
tria,245,132,220,221
tria,244,133,138,132
tria,243,133,140,139
tria,242,134,141,140
tria,241,135,142,141
tria,240,136,143,142
tria,239,137,160,143
tria,238,138,219,220
tria,237,139,144,138
tria,236,139,146,145
tria,235,140,147,146
tria,234,141,148,147
tria,233,142,149,148
tria,232,143,161,149
tria,231,144,218,219
tria,230,145,150,144
tria,229,145,152,151
tria,228,146,153,152
tria,227,147,154,153
tria,226,148,155,154
tria,225,149,188,155
tria,224,168,30,29
tria,223,169,156,168
tria,222,170,157,169
tria,221,171,158,170
tria,220,172,159,171
tria,219,173,160,172
tria,218,189,161,173
tria,217,201,28,27
tria,216,202,162,201
tria,215,203,163,202
tria,214,204,164,203
tria,213,205,165,204
tria,212,206,166,205
tria,211,207,167,206
tria,210,162,29,28
tria,209,163,168,162
tria,208,164,169,163
tria,207,165,170,164
tria,206,166,171,165
tria,205,167,172,166
tria,204,174,173,167
tria,203,187,207,208
tria,202,190,174,187
tria,201,216,214,215
tria,200,217,175,216
tria,199,175,213,214
tria,198,181,176,175
tria,197,176,212,213
tria,196,182,177,176
tria,195,177,211,212
tria,194,183,178,177
tria,193,178,210,211
tria,192,184,179,178
tria,191,179,209,210
tria,190,185,180,179
tria,189,180,208,209
tria,188,186,187,180
tria,187,41,47,40
tria,186,47,18,19
tria,185,42,48,47
tria,184,48,17,18
tria,183,43,49,48
tria,182,49,16,17
tria,181,44,50,49
tria,180,50,15,16
tria,179,45,51,50
tria,178,51,14,15
tria,177,46,52,51
tria,176,52,13,14
tria,175,10,11,52
tria,174,11,12,13
tria,173,37,40,53
tria,172,40,19,20
tria,171,53,60,54
tria,170,60,61,55
tria,169,61,62,56
tria,168,62,63,57
tria,167,63,64,58
tria,166,64,65,59
tria,165,65,28,29
tria,164,20,21,60
tria,163,21,22,61
tria,162,22,23,62
tria,161,23,24,63
tria,160,24,25,64
tria,159,25,26,65
tria,158,26,27,28
tria,157,38,54,66
tria,156,54,55,67
tria,155,55,56,68
tria,154,56,57,69
tria,153,57,58,70
tria,152,58,59,71
tria,151,59,29,30
tria,150,78,72,39
tria,149,79,73,72
tria,148,80,74,73
tria,147,81,75,74
tria,146,82,76,75
tria,145,82,83,77
tria,144,83,8,9
tria,143,84,78,66
tria,142,85,79,78
tria,141,86,80,79
tria,140,87,81,80
tria,139,88,82,81
tria,138,88,89,83
tria,137,89,7,8
tria,136,90,84,67
tria,135,91,85,84
tria,134,92,86,85
tria,133,93,87,86
tria,132,94,88,87
tria,131,94,95,89
tria,130,95,6,7
tria,129,96,90,68
tria,128,97,91,90
tria,127,98,92,91
tria,126,99,93,92
tria,125,99,100,94
tria,124,100,101,95
tria,123,101,5,6
tria,122,102,96,69
tria,121,103,97,96
tria,120,104,98,97
tria,119,105,99,98
tria,118,105,106,100
tria,117,106,107,101
tria,116,107,4,5
tria,115,108,102,70
tria,114,109,103,102
tria,113,109,110,104
tria,112,110,111,105
tria,111,111,112,106
tria,110,112,113,107
tria,109,113,3,4
tria,108,30,31,108
tria,107,31,32,109
tria,106,32,33,110
tria,105,33,34,111
tria,104,34,35,112
tria,103,35,36,113
tria,102,36,2,3
tria,101,72,41,37
tria,100,73,42,41
tria,99,74,43,42
tria,98,75,44,43
tria,97,75,76,45
tria,96,76,77,46
tria,95,77,9,10
tria,94,46,77,10
tria,93,45,76,46
tria,92,44,75,45
tria,91,43,74,75
tria,90,42,73,74
tria,89,41,72,73
tria,88,37,39,72
tria,87,113,36,3
tria,86,112,35,113
tria,85,111,34,112
tria,84,110,33,111
tria,83,109,32,110
tria,82,108,31,109
tria,81,71,30,108
tria,80,107,113,4
tria,79,106,112,107
tria,78,105,111,106
tria,77,104,110,105
tria,76,103,109,104
tria,75,102,108,109
tria,74,70,71,108
tria,73,101,107,5
tria,72,100,106,101
tria,71,99,105,100
tria,70,98,104,105
tria,69,97,103,104
tria,68,96,102,103
tria,67,69,70,102
tria,66,95,101,6
tria,65,94,100,95
tria,64,93,99,94
tria,63,92,98,99
tria,62,91,97,98
tria,61,90,96,97
tria,60,68,69,96
tria,59,89,95,7
tria,58,88,94,89
tria,57,87,93,94
tria,56,86,92,93
tria,55,85,91,92
tria,54,84,90,91
tria,53,67,68,90
tria,52,83,89,8
tria,51,82,88,83
tria,50,81,87,88
tria,49,80,86,87
tria,48,79,85,86
tria,47,78,84,85
tria,46,66,67,84
tria,45,77,83,9
tria,44,76,82,77
tria,43,75,81,82
tria,42,74,80,81
tria,41,73,79,80
tria,40,72,78,79
tria,39,39,66,78
tria,38,71,59,30
tria,37,70,58,71
tria,36,69,57,70
tria,35,68,56,69
tria,34,67,55,68
tria,33,66,54,67
tria,32,39,38,66
tria,31,65,26,28
tria,30,64,25,65
tria,29,63,24,64
tria,28,62,23,63
tria,27,61,22,62
tria,26,60,21,61
tria,25,53,20,60
tria,24,59,65,29
tria,23,58,64,59
tria,22,57,63,58
tria,21,56,62,57
tria,20,55,61,56
tria,19,54,60,55
tria,18,38,53,54
tria,17,53,40,20
tria,16,38,37,53
tria,15,37,38,39
tria,14,52,11,13
tria,13,46,10,52
tria,12,51,52,14
tria,11,45,46,51
tria,10,50,51,15
tria,9,44,45,50
tria,8,49,50,16
tria,7,43,44,49
tria,6,48,49,17
tria,5,42,43,48
tria,4,47,48,18
tria,3,41,42,47
tria,2,40,47,19
tria,1,37,41,40
