Eigen vectors:
         1          1          1          1          1          1          1          1          1          1          1          1          1          1          1          1          1          1          1          1
  0.945817   0.879474   0.789141   0.677282   0.546948   0.401695   0.245485  0.0825793 -0.0825794  -0.245486  -0.401695  -0.546948  -0.677282  -0.789141  -0.879474  -0.945817  -0.986361         -1  -0.986361  -0.945817
  0.789141   0.546948   0.245485 -0.0825794  -0.401695  -0.677282  -0.879474  -0.986361  -0.986361  -0.879474  -0.677282  -0.401695 -0.0825793   0.245486   0.546948   0.789141   0.945817          1   0.945817    0.78914
  0.546948  0.0825794  -0.401695   -0.78914  -0.986361  -0.945817  -0.677282  -0.245486   0.245485   0.677281   0.945817   0.986361   0.789141   0.401696  -0.082579  -0.546948  -0.879474         -1  -0.879474  -0.546949
  0.245485  -0.401695  -0.879474  -0.986361  -0.677282 -0.0825793   0.546948   0.945817   0.945817   0.546948 -0.0825794  -0.677282  -0.986361  -0.879474  -0.401695   0.245486   0.789141          1    0.78914   0.245485
-0.0825794  -0.789141  -0.986361  -0.546948   0.245486   0.879474   0.945817   0.401695  -0.401696  -0.945817  -0.879474  -0.245485   0.546949   0.986361    0.78914  0.0825788  -0.677282         -1  -0.677281    0.08258
 -0.401695  -0.986361  -0.677282   0.245485   0.945817   0.789141  -0.082579  -0.879474  -0.879474 -0.0825798    0.78914   0.945817   0.245486  -0.677281  -0.986361  -0.401696   0.546948          1   0.546949  -0.401695
 -0.677282  -0.945817 -0.0825794   0.879474   0.789141  -0.245485  -0.986361  -0.546948   0.546948   0.986361   0.245486   -0.78914  -0.879474  0.0825791   0.945817   0.677282  -0.401695         -1  -0.401696   0.677281
 -0.879474  -0.677282   0.546948   0.945817 -0.0825794  -0.986361  -0.401695   0.789141    0.78914  -0.401696  -0.986361 -0.0825792   0.945817   0.546948  -0.677282  -0.879474   0.245486          1   0.245485  -0.879474
 -0.986361  -0.245485   0.945817   0.401695  -0.879474  -0.546948   0.789141   0.677281  -0.677282   -0.78914   0.546949   0.879474  -0.401696  -0.945817   0.245486   0.986361   -0.08258         -1 -0.0825787   0.986361
 -0.986361   0.245486   0.945817  -0.401696  -0.879474   0.546949    0.78914  -0.677282  -0.677281   0.789141   0.546948  -0.879474  -0.401695   0.945818   0.245485  -0.986361 -0.0825783          1 -0.0825805  -0.986361
 -0.879474   0.677282   0.546948  -0.945817 -0.0825794   0.986361  -0.401695  -0.789141    0.78914   0.401696  -0.986361  0.0825792   0.945817  -0.546948  -0.677282   0.879474   0.245486         -1   0.245485   0.879474
 -0.677282   0.945817  -0.082579  -0.879474    0.78914   0.245486  -0.986361   0.546948   0.546949  -0.986361   0.245485   0.789141  -0.879473 -0.0825805   0.945818  -0.677281  -0.401697          1  -0.401694  -0.677283
 -0.401695   0.986361  -0.677282  -0.245485   0.945817  -0.789141  -0.082579   0.879474  -0.879474  0.0825798    0.78914  -0.945817   0.245486   0.677281  -0.986361   0.401696   0.546948         -1   0.546949   0.401695
-0.0825794   0.789141  -0.986361   0.546948   0.245486  -0.879474   0.945817  -0.401695  -0.401696   0.945817  -0.879474   0.245485   0.546949  -0.986361    0.78914 -0.0825788  -0.677282          1  -0.677281   -0.08258
  0.245486   0.401695  -0.879474   0.986361  -0.677282    0.08258   0.546948  -0.945817   0.945818  -0.546949 -0.0825783   0.677281  -0.986361   0.879474  -0.401697  -0.245484    0.78914         -1   0.789142  -0.245487
  0.546948 -0.0825794  -0.401695    0.78914  -0.986361   0.945817  -0.677282   0.245486   0.245485  -0.677281   0.945817  -0.986361   0.789141  -0.401696  -0.082579   0.546948  -0.879474          1  -0.879474   0.546949
   0.78914  -0.546948   0.245485  0.0825796  -0.401696   0.677282  -0.879474   0.986361  -0.986361   0.879473  -0.677281   0.401695 -0.0825787  -0.245486   0.546949  -0.789141   0.945818         -1   0.945817   -0.78914
  0.945817  -0.879474   0.789141  -0.677282   0.546949  -0.401696   0.245486   -0.08258 -0.0825787   0.245485  -0.401695   0.546947  -0.677281    0.78914  -0.879473   0.945817  -0.986361          1  -0.986362   0.945818
         1         -1          1         -1          1         -1          1         -1          1         -1          1         -1          1         -1          1         -1          1         -1          1         -1

Eigen vectors Inverse
   0.0459213    0.0866848    0.0718144    0.0489744    0.0208552   -0.0092032   -0.0375806    -0.060779   -0.0758135    -0.080548    -0.073941   -0.0561728   -0.0286405   0.00617915    0.0449842    0.0839921     0.119338     0.147487     0.165601    0.0859248
    0.254905     0.492246     0.442745      0.37014     0.286861     0.206078     0.138712    0.0910384    0.0634459    0.0506444    0.0432661    0.0304646   0.00287212   -0.0448012    -0.112167    -0.192951    -0.276229    -0.348834    -0.398335    -0.207949
    0.127148     0.232049     0.174671     0.106299    0.0556699    0.0440015    0.0760503     0.138109     0.203793     0.245172     0.244556     0.201962     0.135114     0.071972    0.0389513    0.0497857    0.0997412     0.167618     0.224694     0.123419
   0.0918232     0.148682    0.0657404   -0.0134712   -0.0408171  -0.00271817    0.0711939      0.12734     0.122935    0.0537821   -0.0428263    -0.111979    -0.116384   -0.0602382     0.013674    0.0517729     0.024427   -0.0547847    -0.137726   -0.0863452
   -0.132545    -0.310099    -0.401988    -0.450492    -0.400202    -0.281083    -0.181747     -0.16969    -0.230747    -0.282611    -0.250149    -0.134246   -0.0117835    0.0332582   -0.0148441   -0.0899916    -0.104771   -0.0301877    0.0776384    0.0640043
   -0.128115    -0.315328    -0.417365     -0.42675    -0.310174    -0.177069    -0.149484    -0.217051     -0.25058    -0.157961   0.00419171    0.0968102    0.0632821   -0.0042857    0.0232996     0.156404     0.272981     0.263596     0.161559    0.0512305
  0.00675399    -0.065149     -0.18129    -0.156282   -0.0223444    0.0259215   -0.0750141    -0.161995   -0.0916815     0.042815    0.0520867   -0.0641191    -0.116893   -0.0136044     0.101965    0.0662581    -0.057537   -0.0750959    0.0455969    0.0628926
  -0.0714315    -0.237283    -0.343411    -0.254964    -0.115321     -0.15496    -0.269271    -0.211366    -0.046096   -0.0321856    -0.148731     -0.13482    0.0304498    0.0883542   -0.0259564   -0.0655957    0.0740472     0.162494    0.0563669   -0.0190267
    0.279109     0.439554     0.330423     0.437189     0.479725     0.299267     0.203983     0.303991     0.275561    0.0649651   0.00795179     0.106076    0.0266582    -0.173633    -0.168332   -0.0651028    -0.170005    -0.322575    -0.241436   -0.0660942
    0.293372      0.45249     0.376388     0.524932     0.490345     0.307372     0.368132     0.447098     0.264902     0.186486     0.314469     0.236053    0.0538572     0.132823     0.193583    0.0106101   -0.0239766     0.124567    0.0484655   -0.0428945
   0.0568876    -0.034082   -0.0640137     0.105329  -0.00497872   -0.0914078      0.08127    0.0207378    -0.112485    0.0452091    0.0414507    -0.123657   0.00245612    0.0563777    -0.122232   -0.0408936    0.0653031    -0.107059   -0.0789727     0.034132
   -0.140146    -0.440699    -0.418186    -0.260256    -0.419283    -0.353904    -0.205284    -0.362035    -0.259831    -0.129541    -0.285271     -0.15498   -0.0527768    -0.209527    -0.060908   0.00447167    -0.154556   0.00337449    0.0258871   -0.0672599
  -0.0276305    -0.229581    -0.160332   -0.0576937    -0.229776   -0.0500335   -0.0603952    -0.154994    0.0627558   -0.0523753   -0.0252937     0.143262   -0.0232595     0.118975     0.172079    0.0290199     0.230727     0.149846    0.0938936     0.136343
    0.228102      0.26476     0.364413     0.365713     0.210233     0.381103     0.176233     0.223063     0.236287     0.041968     0.203388   0.00906916    0.0222933    0.0691229    -0.135748    0.0351227    -0.120357    -0.119057   -0.0194042    -0.105424
   0.0782529   -0.0419553     0.106346    0.0370555 -0.000653787     0.119598   -0.0732387     0.123527   -0.0544472    0.0352596    0.0277303   -0.0768297    0.0869014    -0.123108    0.0578456    -0.072605   -0.0431319    0.0201096    -0.131888    0.0326646
     -390545      -773249      -749938      -711794      -659857      -595543      -520607      -437094      -347281      -253617      -158659     -64995.5      24817.7       108331       183267       247580       299517       337662       360973       184407
     -381846      -758069      -741353      -714001      -676759      -630642      -576909      -517025      -452623      -385461      -317370      -250207      -185806      -125922     -72188.3     -26071.5      11170.6      38522.6      55237.8      30430.4
   0.0222664   -0.0603979    0.0458535   -0.0577926    0.0496724   -0.0528643    0.0555757    -0.046147    0.0629237   -0.0383687    0.0709201   -0.0303724    0.0786984   -0.0230243    0.0854156    -0.017121    0.0903439   -0.0133021    0.0929493  -0.00599076
      381846       758069       741353       714001       676759       630642       576909       517025       452623       385461       317370       250207       185806       125922      72188.2      26071.6     -11170.8     -38522.5       -55238     -30430.4
      390545       773249       749938       711794       659857       595543       520607       437094       347281       253617       158659      64995.6     -24817.8      -108331      -183267      -247580      -299517      -337662      -360973      -184407

Eigen Check
           1  -2.1408e-11 -2.75913e-11  -2.4199e-10 -1.93965e-10   1.0085e-13 -1.60072e-10  5.03862e-11  1.00113e-10 -8.28423e-11 -1.23448e-10 -2.52374e-10   1.6321e-10  4.09548e-10  3.69337e-10  2.88689e-10 -2.17976e-10 -2.59311e-10 -2.17977e-10  2.88689e-10
 7.20046e-11            1 -2.03393e-10 -3.35554e-10 -1.23912e-10  1.91479e-10  9.33051e-12 -2.71776e-10  -3.6843e-10  7.79136e-11 -1.18861e-10  1.01645e-11 -4.67145e-10   -3.046e-10 -5.07256e-11  2.65544e-10  5.71439e-11  3.88405e-10   5.7144e-11  2.65545e-10
 1.62235e-10  4.67401e-10            1 -7.87226e-11 -5.59952e-10 -8.12711e-11 -1.61575e-10 -1.83139e-10 -4.76698e-10 -2.85083e-10  6.27332e-13  8.35326e-11  1.11356e-10  1.34089e-10    2.241e-10  2.48757e-10 -1.48928e-10  3.62393e-11 -1.48927e-10  2.48758e-10
 2.74644e-10  2.65936e-10 -1.59488e-10            1 -1.54735e-10  1.25096e-10  1.02242e-10 -6.04886e-11  6.13175e-12  8.01344e-11  5.15709e-10  9.91761e-11  5.54823e-11 -4.92221e-11 -1.35583e-10  7.21267e-11 -7.50905e-11  8.87408e-11 -7.50905e-11  7.21266e-11
-4.40612e-11  2.62624e-10  2.59133e-10   7.5351e-12            1 -4.48517e-10 -4.23815e-11   4.3438e-11  9.04113e-11  1.57546e-10 -1.76781e-10 -3.68295e-11 -1.67574e-10 -2.63152e-10  3.28312e-11  3.96524e-11  4.47846e-10  3.60274e-10  4.47846e-10  3.96515e-11
 1.03542e-10  -2.1876e-11 -2.05684e-10  7.52102e-11  2.28249e-10            1  3.56824e-10  2.34308e-10  2.94465e-10  6.51174e-11  3.58619e-10  1.12332e-10  3.55321e-10  1.60953e-10 -1.20353e-10 -3.38525e-10 -2.92397e-10 -2.45795e-10 -2.92397e-10 -3.38525e-10
 2.64049e-11  3.25884e-10   9.3754e-12  6.86187e-11  6.83606e-13  1.43177e-10            1  1.49082e-11  1.31946e-10 -8.07558e-11  4.41182e-11 -7.73644e-11  2.06138e-10  2.88294e-10  1.17984e-10  3.38935e-11  9.22087e-11  1.90498e-11  9.22086e-11   3.3893e-11
-1.45798e-10 -2.17017e-10 -5.77764e-11 -1.61194e-10 -8.37204e-11 -8.44237e-11  5.42873e-11            1  3.18616e-11  1.93115e-10  6.29106e-11  4.76465e-11 -3.34401e-10 -3.64287e-10 -6.52505e-11  2.67341e-10  2.23114e-10  3.83785e-10  2.23114e-10  2.67341e-10
-1.92211e-10 -3.27816e-10 -3.72613e-11 -2.03425e-10 -1.26144e-11 -1.40738e-10  -9.9149e-11 -8.83943e-11            1  2.01951e-10 -4.04911e-11 -4.35828e-11 -4.05908e-10 -4.32653e-10 -5.12862e-11  4.54267e-10  6.13429e-10  7.18674e-10  6.13429e-10  4.54267e-10
-8.44241e-11  1.34015e-10  1.54168e-10  3.08191e-10  1.91959e-10  1.20186e-10    3.994e-11  1.95096e-10  1.21929e-10            1 -1.10624e-10 -1.02957e-10  3.53933e-10  4.05428e-10  1.33939e-10 -2.80423e-10 -2.33055e-10  -5.1588e-10 -2.33054e-10 -2.80423e-10
 -1.3344e-10 -3.86898e-10 -3.40186e-11  2.66673e-10  5.34799e-10  3.21477e-10  2.37391e-10  3.81553e-10  4.75247e-10  5.37695e-11            1 -3.99897e-12  4.13646e-10   2.4351e-10  -8.5937e-11 -4.53011e-10  -1.9458e-10  -4.4242e-10  -1.9458e-10 -4.53011e-10
-2.23232e-10 -1.44479e-10  4.21079e-10  3.30104e-10  3.17381e-10 -3.93507e-10 -1.93872e-11  2.49906e-10  1.79114e-10  3.83082e-11 -4.40815e-10            1 -1.16566e-11 -1.71917e-10 -2.36301e-11 -2.04034e-10  3.33964e-10 -2.81262e-11  3.33964e-10 -2.04035e-10
  5.6808e-11 -1.59399e-10  2.86767e-11  1.02631e-10  2.25203e-10  1.45661e-10  1.91089e-10  2.24722e-10  2.52918e-10  7.42944e-11  3.17154e-10  1.41383e-10            1  1.48257e-10 -1.25695e-10 -2.55795e-10 -2.79428e-10 -4.09162e-10 -2.79428e-10 -2.55795e-10
-5.76587e-12  8.79316e-11  5.79474e-11  2.83778e-11 -1.18674e-10 -1.34506e-10 -2.64834e-10 -1.66213e-10 -2.55797e-10 -1.94936e-10 -2.77203e-10 -1.17343e-10 -6.81444e-11            1  1.35535e-10  1.18349e-10   5.8154e-11 -1.61522e-11  5.81541e-11  1.18349e-10
 9.13317e-12 -3.94925e-10 -1.74699e-10 -8.98739e-11 -2.56153e-11  3.91694e-11 -2.39814e-11 -2.22077e-10 -3.25263e-10 -5.68177e-11 -1.57884e-10 -2.99137e-11 -3.08511e-10 -3.02348e-10            1 -6.21242e-12 -1.39495e-10  3.19109e-11 -1.39495e-10   -6.212e-12
-4.65661e-10 -2.32831e-10 -1.16415e-10 -5.82077e-11 -4.36557e-10 -4.07454e-10 -2.61934e-10 -8.44011e-10 -3.20142e-10 -4.07454e-10 -2.32831e-10  1.74623e-10  4.07454e-10 -3.20142e-10  1.45519e-10            1 -8.44011e-10 -2.35741e-09  -9.8953e-10  8.73115e-11
-9.45874e-11 -1.41881e-10  -3.7835e-10 -1.70985e-10 -8.00355e-10 -6.14818e-10 -1.52795e-10 -6.98492e-10 -5.38421e-10 -8.25821e-10  2.18279e-11  2.25555e-10  5.78439e-10 -5.52973e-10 -9.82254e-11  1.06229e-09            1 -2.44108e-09 -1.06957e-09 -2.36469e-10
 3.20924e-17  7.80626e-18 -8.67362e-19 -2.94903e-17 -2.86229e-17 -4.59702e-17  7.80626e-17 -3.64292e-17   4.0766e-17  1.04083e-16   5.0307e-17   1.0842e-16  3.03577e-17  2.51535e-17  1.22298e-16   -1.249e-16 -1.47451e-17            1 -4.25007e-17  5.89806e-17
 7.16682e-10  2.40107e-10   4.1473e-10  2.00089e-10  6.33008e-10  5.85715e-10  1.67347e-10  5.63887e-10  2.65572e-10  6.80302e-10  2.18279e-11 -1.78261e-10 -6.18456e-10  5.12955e-10  5.82077e-11 -1.13869e-09  6.87578e-10   2.3465e-09            1  1.74623e-10
 8.73115e-11  4.07454e-10  4.07454e-10  8.73115e-11  2.61934e-10  4.36557e-10  1.74623e-10  7.85803e-10  2.61934e-10  4.36557e-10  2.32831e-10 -2.61934e-10 -4.36557e-10  5.23869e-10 -1.16415e-10 -1.10595e-09  6.98492e-10  2.18279e-09  9.02219e-10            1

