node, 0, 100, 0
node, 1, 96.5926, 25.8819
node, 2, 86.6025, 50
node, 3, 70.7107, 70.7107
node, 4, 50, 86.6025
node, 5, 25.8819, 96.5926
node, 6, 0, 100
node, 7, -25.8819, 96.5926
node, 8, -50, 86.6025
node, 9, -70.7107, 70.7107
node, 10, -86.6025, 50
node, 11, -96.5926, 25.8819
node, 12, -100, 0
node, 13, -96.5926, -25.8819
node, 14, -86.6025, -50
node, 15, -70.7107, -70.7107
node, 16, -50, -86.6025
node, 17, -25.8819, -96.5926
node, 18, -0, -100
node, 19, 25.8819, -96.5926
node, 20, 50, -86.6025
node, 21, 70.7107, -70.7107
node, 22, 86.6025, -50
node, 23, 96.5926, -25.8819
line, 0, 0, 1, 1
line, 1, 1, 2, 1
line, 2, 2, 3, 1
line, 3, 3, 4, 1
line, 4, 4, 5, 1
line, 5, 5, 6, 1
line, 6, 6, 7, 1
line, 7, 7, 8, 1
line, 8, 8, 9, 1
line, 9, 9, 10, 1
line, 10, 10, 11, 1
line, 11, 11, 12, 1
line, 12, 12, 13, 1
line, 13, 13, 14, 1
line, 14, 14, 15, 1
line, 15, 15, 16, 1
line, 16, 16, 17, 1
line, 17, 17, 18, 1
line, 18, 18, 19, 1
line, 19, 19, 20, 1
line, 20, 20, 21, 1
line, 21, 21, 22, 1
line, 22, 22, 23, 1
line, 23, 23, 0, 1
mtrl, 0, Default Rigid, inf
mtrl, 1, Default Spring, 100
###############################
f = 10000000	
	
Length		Stiffness (f/r^2)
26.10523844	14673.87014
51.76380902	3732.050808
76.53668647	1707.106781
100		1000
121.7522858	674.5990931
141.4213562	500
158.6706681	397.1976766
173.2050808	333.3333333
184.7759065	292.8932188
193.1851653	267.9491924
198.2889723	254.333095
200		250
