node, 0, -189.75, -164.508
node, 1, -189.75, 35.4916
node, 2, -89.7502, 35.4916
node, 3, -89.7502, -164.508
node, 4, 10.2498, 35.4916
node, 5, 10.2498, -164.508
node, 6, 110.25, 35.4916
node, 7, 110.25, -164.508
node, 8, 210.25, 35.4916
node, 9, 210.25, -164.508
node, 10, 310.25, 35.4916
node, 11, 310.25, -164.508
node, 12, 410.25, 35.4916
node, 13, 410.25, -164.508
node, 16, -89.7502, 135.492
node, 17, 110.25, 135.492
node, 18, 310.25, 135.492
node, 14, 10.2498, 135.492
node, 15, 210.25, 135.492
line, 0, 0, 1, 1
line, 1, 1, 2, 0
line, 2, 3, 2, 1
line, 3, 2, 4, 0
line, 4, 5, 4, 1
line, 5, 4, 6, 0
line, 6, 7, 6, 1
line, 7, 6, 8, 0
line, 8, 9, 8, 1
line, 9, 8, 10, 0
line, 10, 11, 10, 1
line, 11, 10, 12, 0
line, 12, 13, 12, 1
line, 15, 0, 2, 1
line, 16, 3, 4, 1
line, 17, 5, 6, 1
line, 18, 7, 8, 1
line, 19, 7, 10, 1
line, 20, 7, 12, 1
line, 23, 9, 10, 1
line, 25, 11, 12, 1
line, 28, 5, 8, 1
line, 29, 5, 10, 1
line, 30, 5, 12, 1
line, 32, 7, 4, 1
line, 33, 7, 2, 1
line, 34, 7, 1, 1
line, 26, 13, 10, 1
line, 35, 13, 8, 1
line, 36, 13, 6, 1
line, 37, 9, 6, 1
line, 38, 9, 4, 1
line, 39, 11, 8, 1
line, 40, 11, 6, 1
line, 41, 11, 4, 1
line, 43, 13, 4, 1
line, 44, 13, 2, 1
line, 45, 13, 1, 1
line, 46, 3, 1, 1
line, 47, 3, 6, 1
line, 48, 3, 8, 1
line, 49, 3, 10, 1
line, 50, 3, 12, 1
line, 52, 0, 4, 1
line, 53, 0, 6, 1
line, 54, 0, 8, 1
line, 55, 0, 10, 1
line, 56, 0, 12, 1
line, 62, 9, 2, 1
line, 63, 9, 1, 1
line, 64, 5, 2, 1
line, 65, 5, 1, 1
line, 68, 11, 2, 1
line, 69, 11, 1, 1
line, 70, 2, 16, 0
line, 71, 1, 16, 0
line, 72, 16, 4, 0
line, 73, 6, 17, 0
line, 74, 4, 17, 0
line, 75, 17, 8, 0
line, 76, 10, 18, 0
line, 77, 8, 18, 0
line, 78, 18, 12, 0
line, 13, 4, 14, 0
line, 14, 16, 14, 0
line, 21, 14, 17, 0
line, 22, 8, 15, 0
line, 24, 17, 15, 0
line, 27, 15, 18, 0
cnst, 0, 0, 90
cnst, 11, 0, 90
cnst, 3, 0, 90
cnst, 13, 0, 90
cnst, 5, 0, 90
cnst, 7, 0, 90
cnst, 9, 0, 90
load, 0, 6, 100, 90, 0, 0.2, 2.1, 110.25, 35.4916
load, 1, 1, 100, 0, 0, 0.2, 5, -189.75, 35.4916
ptms, 1, 100, 100
ptms, 10, 100, 100
ptms, 2, 100, 100
ptms, 12, 100, 100
ptms, 4, 100, 100
ptms, 6, 100, 100
ptms, 8, 100, 100
mtrl, 0, Default Rigid, inf
mtrl, 1, Default Spring, 100
