node, 0, -27.5, -2.91966
node, 1, -27.5, 0.455337
node, 9, -8.77662e-08, -2.23166
node, 12, -6.007, -2.23166
node, 13, -17.477, -2.50943
node, 15, -11.875, -2.35986
node, 14, -22.707, -2.70066
node, 6, -25.025, 0.887437
node, 8, -20.028, 1.63638
node, 7, -14.626, 2.25311
node, 10, -8.909, 2.69288
node, 11, -2.993, 2.91966
node, 2, 27.5, -2.91966
node, 3, 27.5, 0.455337
node, 4, 6.007, -2.23166
node, 5, 11.875, -2.35986
node, 16, 17.477, -2.50943
node, 17, 22.707, -2.70066
node, 18, 25.025, 0.887437
node, 19, 20.028, 1.63638
node, 20, 14.626, 2.25311
node, 21, 8.909, 2.69288
node, 22, 2.993, 2.91966
line, 0, 0, 1, 1
line, 16, 12, 9, 0
line, 20, 12, 15, 1
line, 13, 13, 15, 1
line, 19, 14, 13, 1
line, 18, 0, 14, 1
line, 6, 0, 6, 1
line, 7, 6, 14, 1
line, 9, 14, 8, 1
line, 10, 8, 13, 1
line, 8, 13, 7, 1
line, 11, 7, 15, 1
line, 12, 15, 10, 1
line, 14, 10, 12, 1
line, 15, 12, 11, 0
line, 17, 11, 9, 0
line, 2, 1, 6, 1
line, 3, 6, 8, 1
line, 4, 8, 7, 1
line, 5, 7, 10, 1
line, 21, 10, 11, 0
line, 1, 2, 3, 1
line, 22, 4, 9, 0
line, 23, 4, 5, 1
line, 24, 16, 5, 1
line, 25, 17, 16, 1
line, 26, 2, 17, 1
line, 27, 2, 18, 1
line, 28, 18, 17, 1
line, 29, 17, 19, 1
line, 30, 19, 16, 1
line, 31, 16, 20, 1
line, 32, 20, 5, 1
line, 33, 5, 21, 1
line, 34, 21, 4, 1
line, 35, 4, 22, 0
line, 36, 22, 9, 0
line, 37, 3, 18, 1
line, 38, 18, 19, 1
line, 39, 19, 20, 1
line, 40, 20, 21, 1
line, 41, 21, 22, 0
line, 42, 11, 22, 0
cnst, 0, 0, 90
cnst, 2, 0, 90
load, 0, 9, 20, 60, 0, 2.2, 2.3, -8.77662e-08, -2.23166
ptms, 11, 1, 1
ptms, 22, 1, 1
ptms, 9, 1, 1
mtrl, 0, Default Rigid, inf
mtrl, 1, Default Spring, 100
