Global Stiffness Matrix
 169.231 -46.1538     -100        0        0        0        0        0        0        0 -69.2308  46.1538        0        0
-46.1538  30.7692        0        0        0        0        0        0        0        0  46.1538 -30.7692        0        0
    -100        0      200        0     -100        0        0        0        0        0        0        0        0        0
       0        0        0      100        0        0        0        0        0        0        0     -100        0        0
       0        0     -100        0  338.462        0     -100        0        0        0 -69.2308 -46.1538 -69.2308  46.1538
       0        0        0        0        0  61.5385        0        0        0        0 -46.1538 -30.7692  46.1538 -30.7692
       0        0        0        0     -100        0      200        0     -100        0        0        0        0        0
       0        0        0        0        0        0        0      100        0        0        0        0        0     -100
       0        0        0        0        0        0     -100        0  169.231  46.1538        0        0 -69.2308 -46.1538
       0        0        0        0        0        0        0        0  46.1538  30.7692        0        0 -46.1538 -30.7692
-69.2308  46.1538        0        0 -69.2308 -46.1538        0        0        0        0  238.462        0     -100        0
 46.1538 -30.7692        0     -100 -46.1538 -30.7692        0        0        0        0        0  161.538        0        0
       0        0        0        0 -69.2308  46.1538        0        0 -69.2308 -46.1538     -100        0  238.462        0
       0        0        0        0  46.1538 -30.7692        0     -100 -46.1538 -30.7692        0        0        0  161.538

Global Support Inclination Matrix
 1 -0  0  0  0  0  0  0  0  0  0  0  0  0
 0  1  0  0  0  0  0  0  0  0  0  0  0  0
 0  0  1  0  0  0  0  0  0  0  0  0  0  0
 0  0  0  1  0  0  0  0  0  0  0  0  0  0
 0  0  0  0  1  0  0  0  0  0  0  0  0  0
 0  0  0  0  0  1  0  0  0  0  0  0  0  0
 0  0  0  0  0  0  1  0  0  0  0  0  0  0
 0  0  0  0  0  0  0  1  0  0  0  0  0  0
 0  0  0  0  0  0  0  0  1 -0  0  0  0  0
 0  0  0  0  0  0  0  0  0  1  0  0  0  0
 0  0  0  0  0  0  0  0  0  0  1  0  0  0
 0  0  0  0  0  0  0  0  0  0  0  1  0  0
 0  0  0  0  0  0  0  0  0  0  0  0  1  0
 0  0  0  0  0  0  0  0  0  0  0  0  0  1

Global Stiffness Matrix transformed for support inclination
 169.231 -46.1538     -100        0        0        0        0        0        0        0 -69.2308  46.1538        0        0
-46.1538  30.7692        0        0        0        0        0        0        0        0  46.1538 -30.7692        0        0
    -100        0      200        0     -100        0        0        0        0        0        0        0        0        0
       0        0        0      100        0        0        0        0        0        0        0     -100        0        0
       0        0     -100        0  338.462        0     -100        0        0        0 -69.2308 -46.1538 -69.2308  46.1538
       0        0        0        0        0  61.5385        0        0        0        0 -46.1538 -30.7692  46.1538 -30.7692
       0        0        0        0     -100        0      200        0     -100        0        0        0        0        0
       0        0        0        0        0        0        0      100        0        0        0        0        0     -100
       0        0        0        0        0        0     -100        0  169.231  46.1538        0        0 -69.2308 -46.1538
       0        0        0        0        0        0        0        0  46.1538  30.7692        0        0 -46.1538 -30.7692
-69.2308  46.1538        0        0 -69.2308 -46.1538        0        0        0        0  238.462        0     -100        0
 46.1538 -30.7692        0     -100 -46.1538 -30.7692        0        0        0        0        0  161.538        0        0
       0        0        0        0 -69.2308  46.1538        0        0 -69.2308 -46.1538     -100        0  238.462        0
       0        0        0        0  46.1538 -30.7692        0     -100 -46.1538 -30.7692        0        0        0  161.538

Global Point Mass Matrix
0.01    0    0    0    0    0    0    0    0    0    0    0    0    0
   0 0.01    0    0    0    0    0    0    0    0    0    0    0    0
   0    0 0.01    0    0    0    0    0    0    0    0    0    0    0
   0    0    0 0.01    0    0    0    0    0    0    0    0    0    0
   0    0    0    0 0.01    0    0    0    0    0    0    0    0    0
   0    0    0    0    0 0.01    0    0    0    0    0    0    0    0
   0    0    0    0    0    0 0.01    0    0    0    0    0    0    0
   0    0    0    0    0    0    0 0.01    0    0    0    0    0    0
   0    0    0    0    0    0    0    0 0.01    0    0    0    0    0
   0    0    0    0    0    0    0    0    0 0.01    0    0    0    0
   0    0    0    0    0    0    0    0    0    0  100    0    0    0
   0    0    0    0    0    0    0    0    0    0    0  100    0    0
   0    0    0    0    0    0    0    0    0    0    0    0  100    0
   0    0    0    0    0    0    0    0    0    0    0    0    0  100

Global Point Mass Matrix transformed for support inclination
0.01    0    0    0    0    0    0    0    0    0    0    0    0    0
   0 0.01    0    0    0    0    0    0    0    0    0    0    0    0
   0    0 0.01    0    0    0    0    0    0    0    0    0    0    0
   0    0    0 0.01    0    0    0    0    0    0    0    0    0    0
   0    0    0    0 0.01    0    0    0    0    0    0    0    0    0
   0    0    0    0    0 0.01    0    0    0    0    0    0    0    0
   0    0    0    0    0    0 0.01    0    0    0    0    0    0    0
   0    0    0    0    0    0    0 0.01    0    0    0    0    0    0
   0    0    0    0    0    0    0    0 0.01    0    0    0    0    0
   0    0    0    0    0    0    0    0    0 0.01    0    0    0    0
   0    0    0    0    0    0    0    0    0    0  100    0    0    0
   0    0    0    0    0    0    0    0    0    0    0  100    0    0
   0    0    0    0    0    0    0    0    0    0    0    0  100    0
   0    0    0    0    0    0    0    0    0    0    0    0    0  100

Global DOF Matrix
0
0
1
1
1
1
1
1
0
0
1
1
1
1

Reduced Global Stiffness Matrix
     200        0     -100        0        0        0        0        0        0        0
       0      100        0        0        0        0        0     -100        0        0
    -100        0  338.462        0     -100        0 -69.2308 -46.1538 -69.2308  46.1538
       0        0        0  61.5385        0        0 -46.1538 -30.7692  46.1538 -30.7692
       0        0     -100        0      200        0        0        0        0        0
       0        0        0        0        0      100        0        0        0     -100
       0        0 -69.2308 -46.1538        0        0  238.462        0     -100        0
       0     -100 -46.1538 -30.7692        0        0        0  161.538        0        0
       0        0 -69.2308  46.1538        0        0     -100        0  238.462        0
       0        0  46.1538 -30.7692        0     -100        0        0        0  161.538

Reduced Global Mass Matrix
0.01    0    0    0    0    0    0    0    0    0
   0 0.01    0    0    0    0    0    0    0    0
   0    0 0.01    0    0    0    0    0    0    0
   0    0    0 0.01    0    0    0    0    0    0
   0    0    0    0 0.01    0    0    0    0    0
   0    0    0    0    0 0.01    0    0    0    0
   0    0    0    0    0    0  100    0    0    0
   0    0    0    0    0    0    0  100    0    0
   0    0    0    0    0    0    0    0  100    0
   0    0    0    0    0    0    0    0    0  100

Reduced Inverse Square Root Point Mass Matrix
 10   0   0   0   0   0   0   0   0   0
  0  10   0   0   0   0   0   0   0   0
  0   0  10   0   0   0   0   0   0   0
  0   0   0  10   0   0   0   0   0   0
  0   0   0   0  10   0   0   0   0   0
  0   0   0   0   0  10   0   0   0   0
  0   0   0   0   0   0 0.1   0   0   0
  0   0   0   0   0   0   0 0.1   0   0
  0   0   0   0   0   0   0   0 0.1   0
  0   0   0   0   0   0   0   0   0 0.1

Standard Eigen Value Z - matrix:
   20000        0   -10000        0        0        0        0        0        0        0
       0    10000        0        0        0        0        0     -100        0        0
  -10000        0  33846.2        0   -10000        0 -69.2308 -46.1538 -69.2308  46.1538
       0        0        0  6153.85        0        0 -46.1538 -30.7692  46.1538 -30.7692
       0        0   -10000        0    20000        0        0        0        0        0
       0        0        0        0        0    10000        0        0        0     -100
       0        0 -69.2308 -46.1538        0        0  2.38462        0       -1        0
       0     -100 -46.1538 -30.7692        0        0        0  1.61538        0        0
       0        0 -69.2308  46.1538        0        0       -1        0  2.38462        0
       0        0  46.1538 -30.7692        0     -100        0        0        0  1.61538

Modal Analysis Success !!!!! 
Eigen Values 
 0.22144
0.327121
 1.09217
 2.77828
 6154.85
   10001
   10001
 11177.7
   20000
 42669.1

Eigen Vectors of the Reduced matrix 
        0  0.312245 -0.211222         0         0  -0.00024         0         1        -1   0.44113
 0.781117         1  0.408864 -0.142281  -0.00013         1         1   0.00031        -0    -3e-06
        0  0.624481 -0.422421         0         0  -0.00024         0  0.882234         0        -1
        1        -0        -0         1         1         0   0.00016        -0        -0        -0
        0  0.312245 -0.211222         0         0  -0.00024         0         1         1   0.44113
 0.781117        -1 -0.408864 -0.142281  -0.00013        -1         1  -0.00031        -0     3e-06
  0.14591  0.408827        -1  0.761193  -7.5e-05         0        -0  -5.5e-05        -0   1.6e-05
 0.781099  0.999967   0.40882 -0.142241    -5e-05   -0.0001   -0.0001  -3.6e-05         0   1.1e-05
 -0.14591  0.408827        -1 -0.761193   7.5e-05         0         0  -5.5e-05        -0   1.6e-05
 0.781099 -0.999967  -0.40882 -0.142241    -5e-05    0.0001   -0.0001   3.6e-05        -0  -1.1e-05

Global Eigen Vector Matrix
        0         0         0         0         0         0         0         0         0         0
        0         0         0         0         0         0         0         0         0         0
        0  0.312245 -0.211222         0         0  -0.00024         0         1        -1   0.44113
 0.781117         1  0.408864 -0.142281  -0.00013         1         1   0.00031        -0    -3e-06
        0  0.624481 -0.422421         0         0  -0.00024         0  0.882234         0        -1
        1        -0        -0         1         1         0   0.00016        -0        -0        -0
        0  0.312245 -0.211222         0         0  -0.00024         0         1         1   0.44113
 0.781117        -1 -0.408864 -0.142281  -0.00013        -1         1  -0.00031        -0     3e-06
        0         0         0         0         0         0         0         0         0         0
        0         0         0         0         0         0         0         0         0         0
  0.14591  0.408827        -1  0.761193  -7.5e-05         0        -0  -5.5e-05        -0   1.6e-05
 0.781099  0.999967   0.40882 -0.142241    -5e-05   -0.0001   -0.0001  -3.6e-05         0   1.1e-05
 -0.14591  0.408827        -1 -0.761193   7.5e-05         0         0  -5.5e-05        -0   1.6e-05
 0.781099 -0.999967  -0.40882 -0.142241    -5e-05    0.0001   -0.0001   3.6e-05        -0  -1.1e-05

Global Participation Factors
    193.286
    28.6481
     171.37
    6.74416
 6.7589e-10
2.59174e-09
1.27987e-10
  0.0114322
          0
 0.00029448

Cumulative Participation Factors
400.06

Reduced Modal Mass Matrix
  126.303
  233.441
  233.433
   119.94
0.0100016
 0.020002
 0.020002
0.0277842
     0.02
 0.013892

Reduced Modal Stiffness Matrix
27.9686
76.3632
254.948
333.227
61.5585
 200.04
 200.04
310.563
    400
592.758

