node, 0, -6400, -0
node, 1, -6300, -0
node, 2, -6200, -0
node, 3, -6100, -0
node, 4, -6000, -0
node, 5, -5900, -0
node, 6, -5800, -0
node, 7, -5700, -0
node, 8, -5600, -0
node, 9, -5500, -0
node, 10, -5400, -0
node, 11, -5300, -0
node, 12, -5200, -0
node, 13, -5100, -0
node, 14, -5000, -0
node, 15, -4900, -0
node, 16, -4800, -0
node, 17, -4700, -0
node, 18, -4600, -0
node, 19, -4500, -0
node, 20, -4400, -0
node, 21, -4300, -0
node, 22, -4200, -0
node, 23, -4100, -0
node, 24, -4000, -0
node, 25, -3900, -0
node, 26, -3800, -0
node, 27, -3700, -0
node, 28, -3600, -0
node, 29, -3500, -0
node, 30, -3400, -0
node, 31, -3300, -0
node, 32, -3200, -0
node, 33, -3100, -0
node, 34, -3000, -0
node, 35, -2900, -0
node, 36, -2800, -0
node, 37, -2700, -0
node, 38, -2600, -0
node, 39, -2500, -0
node, 40, -2400, -0
node, 41, -2300, -0
node, 42, -2200, -0
node, 43, -2100, -0
node, 44, -2000, -0
node, 45, -1900, -0
node, 46, -1800, -0
node, 47, -1700, -0
node, 48, -1600, -0
node, 49, -1500, -0
node, 50, -1400, -0
node, 51, -1300, -0
node, 52, -1200, -0
node, 53, -1100, -0
node, 54, -1000, -0
node, 55, -900, -0
node, 56, -800, -0
node, 57, -700, -0
node, 58, -600, -0
node, 59, -500, -0
node, 60, -400, -0
node, 61, -300, -0
node, 62, -200, -0
node, 63, -100, -0
node, 64, -5.82801e-05, -0
node, 65, 100, -0
node, 66, 200, -0
node, 67, 300, -0
node, 68, 400, -0
node, 69, 500, -0
node, 70, 600, -0
node, 71, 700, -0
node, 72, 800, -0
node, 73, 900, -0
node, 74, 1000, -0
node, 75, 1100, -0
node, 76, 1200, -0
node, 77, 1300, -0
node, 78, 1400, -0
node, 79, 1500, -0
node, 80, 1600, -0
node, 81, 1700, -0
node, 82, 1800, -0
node, 83, 1900, -0
node, 84, 2000, -0
node, 85, 2100, -0
node, 86, 2200, -0
node, 87, 2300, -0
node, 88, 2400, -0
node, 89, 2500, -0
node, 90, 2600, -0
node, 91, 2700, -0
node, 92, 2800, -0
node, 93, 2900, -0
node, 94, 3000, -0
node, 95, 3100, -0
node, 96, 3200, -0
node, 97, 3300, -0
node, 98, 3400, -0
node, 99, 3500, -0
node, 100, 3600, -0
node, 101, 3700, -0
node, 102, 3800, -0
node, 103, 3900, -0
node, 104, 4000, -0
node, 105, 4100, -0
node, 106, 4200, -0
node, 107, 4300, -0
node, 108, 4400, -0
node, 109, 4500, -0
node, 110, 4600, -0
node, 111, 4700, -0
node, 112, 4800, -0
node, 113, 4900, -0
node, 114, 5000, -0
node, 115, 5100, -0
node, 116, 5200, -0
node, 117, 5300, -0
node, 118, 5400, -0
node, 119, 5500, -0
node, 120, 5600, -0
node, 121, 5700, -0
node, 122, 5800, -0
node, 123, 5900, -0
node, 124, 6000, -0
node, 125, 6100, -0
node, 126, 6200, -0
node, 127, 6300, -0
node, 128, 6400, -0
line, 0, 0, 1, 1
line, 1, 1, 2, 1
line, 2, 2, 3, 1
line, 3, 3, 4, 1
line, 4, 4, 5, 1
line, 5, 5, 6, 1
line, 6, 6, 7, 1
line, 7, 7, 8, 1
line, 8, 8, 9, 1
line, 9, 9, 10, 1
line, 10, 10, 11, 1
line, 11, 11, 12, 1
line, 12, 12, 13, 1
line, 13, 13, 14, 1
line, 14, 14, 15, 1
line, 15, 15, 16, 1
line, 16, 16, 17, 1
line, 17, 17, 18, 1
line, 18, 18, 19, 1
line, 19, 19, 20, 1
line, 20, 20, 21, 1
line, 21, 21, 22, 1
line, 22, 22, 23, 1
line, 23, 23, 24, 1
line, 24, 24, 25, 1
line, 25, 25, 26, 1
line, 26, 26, 27, 1
line, 27, 27, 28, 1
line, 28, 28, 29, 1
line, 29, 29, 30, 1
line, 30, 30, 31, 1
line, 31, 31, 32, 1
line, 32, 32, 33, 1
line, 33, 33, 34, 1
line, 34, 34, 35, 1
line, 35, 35, 36, 1
line, 36, 36, 37, 1
line, 37, 37, 38, 1
line, 38, 38, 39, 1
line, 39, 39, 40, 1
line, 40, 40, 41, 1
line, 41, 41, 42, 1
line, 42, 42, 43, 1
line, 43, 43, 44, 1
line, 44, 44, 45, 1
line, 45, 45, 46, 1
line, 46, 46, 47, 1
line, 47, 47, 48, 1
line, 48, 48, 49, 1
line, 49, 49, 50, 1
line, 50, 50, 51, 1
line, 51, 51, 52, 1
line, 52, 52, 53, 1
line, 53, 53, 54, 1
line, 54, 54, 55, 1
line, 55, 55, 56, 1
line, 56, 56, 57, 1
line, 57, 57, 58, 1
line, 58, 58, 59, 1
line, 59, 59, 60, 1
line, 60, 60, 61, 1
line, 61, 61, 62, 1
line, 62, 62, 63, 1
line, 63, 63, 64, 1
line, 64, 64, 65, 1
line, 65, 65, 66, 1
line, 66, 66, 67, 1
line, 67, 67, 68, 1
line, 68, 68, 69, 1
line, 69, 69, 70, 1
line, 70, 70, 71, 1
line, 71, 71, 72, 1
line, 72, 72, 73, 1
line, 73, 73, 74, 1
line, 74, 74, 75, 1
line, 75, 75, 76, 1
line, 76, 76, 77, 1
line, 77, 77, 78, 1
line, 78, 78, 79, 1
line, 79, 79, 80, 1
line, 80, 80, 81, 1
line, 81, 81, 82, 1
line, 82, 82, 83, 1
line, 83, 83, 84, 1
line, 84, 84, 85, 1
line, 85, 85, 86, 1
line, 86, 86, 87, 1
line, 87, 87, 88, 1
line, 88, 88, 89, 1
line, 89, 89, 90, 1
line, 90, 90, 91, 1
line, 91, 91, 92, 1
line, 92, 92, 93, 1
line, 93, 93, 94, 1
line, 94, 94, 95, 1
line, 95, 95, 96, 1
line, 96, 96, 97, 1
line, 97, 97, 98, 1
line, 98, 98, 99, 1
line, 99, 99, 100, 1
line, 100, 100, 101, 1
line, 101, 101, 102, 1
line, 102, 102, 103, 1
line, 103, 103, 104, 1
line, 104, 104, 105, 1
line, 105, 105, 106, 1
line, 106, 106, 107, 1
line, 107, 107, 108, 1
line, 108, 108, 109, 1
line, 109, 109, 110, 1
line, 110, 110, 111, 1
line, 111, 111, 112, 1
line, 112, 112, 113, 1
line, 113, 113, 114, 1
line, 114, 114, 115, 1
line, 115, 115, 116, 1
line, 116, 116, 117, 1
line, 117, 117, 118, 1
line, 118, 118, 119, 1
line, 119, 119, 120, 1
line, 120, 120, 121, 1
line, 121, 121, 122, 1
line, 122, 122, 123, 1
line, 123, 123, 124, 1
line, 124, 124, 125, 1
line, 125, 125, 126, 1
line, 126, 126, 127, 1
line, 127, 127, 128, 1
cnst, 0, 0, 90
cnst, 128, 0, 90
cnst, 1, 1, 90
cnst, 2, 1, 90
cnst, 3, 1, 90
cnst, 4, 1, 90
cnst, 5, 1, 90
cnst, 6, 1, 90
cnst, 7, 1, 90
cnst, 8, 1, 90
cnst, 9, 1, 90
cnst, 10, 1, 90
cnst, 11, 1, 90
cnst, 12, 1, 90
cnst, 13, 1, 90
cnst, 14, 1, 90
cnst, 15, 1, 90
cnst, 16, 1, 90
cnst, 17, 1, 90
cnst, 18, 1, 90
cnst, 19, 1, 90
cnst, 20, 1, 90
cnst, 21, 1, 90
cnst, 22, 1, 90
cnst, 23, 1, 90
cnst, 24, 1, 90
cnst, 25, 1, 90
cnst, 26, 1, 90
cnst, 27, 1, 90
cnst, 28, 1, 90
cnst, 29, 1, 90
cnst, 30, 1, 90
cnst, 31, 1, 90
cnst, 32, 1, 90
cnst, 33, 1, 90
cnst, 34, 1, 90
cnst, 35, 1, 90
cnst, 36, 1, 90
cnst, 37, 1, 90
cnst, 38, 1, 90
cnst, 39, 1, 90
cnst, 40, 1, 90
cnst, 41, 1, 90
cnst, 42, 1, 90
cnst, 43, 1, 90
cnst, 44, 1, 90
cnst, 45, 1, 90
cnst, 46, 1, 90
cnst, 47, 1, 90
cnst, 48, 1, 90
cnst, 49, 1, 90
cnst, 50, 1, 90
cnst, 51, 1, 90
cnst, 52, 1, 90
cnst, 53, 1, 90
cnst, 54, 1, 90
cnst, 55, 1, 90
cnst, 56, 1, 90
cnst, 57, 1, 90
cnst, 58, 1, 90
cnst, 59, 1, 90
cnst, 60, 1, 90
cnst, 61, 1, 90
cnst, 62, 1, 90
cnst, 63, 1, 90
cnst, 64, 1, 90
cnst, 65, 1, 90
cnst, 66, 1, 90
cnst, 67, 1, 90
cnst, 68, 1, 90
cnst, 69, 1, 90
cnst, 70, 1, 90
cnst, 71, 1, 90
cnst, 72, 1, 90
cnst, 73, 1, 90
cnst, 74, 1, 90
cnst, 75, 1, 90
cnst, 76, 1, 90
cnst, 77, 1, 90
cnst, 78, 1, 90
cnst, 79, 1, 90
cnst, 80, 1, 90
cnst, 81, 1, 90
cnst, 82, 1, 90
cnst, 83, 1, 90
cnst, 84, 1, 90
cnst, 85, 1, 90
cnst, 86, 1, 90
cnst, 87, 1, 90
cnst, 88, 1, 90
cnst, 89, 1, 90
cnst, 90, 1, 90
cnst, 91, 1, 90
cnst, 92, 1, 90
cnst, 93, 1, 90
cnst, 94, 1, 90
cnst, 95, 1, 90
cnst, 96, 1, 90
cnst, 97, 1, 90
cnst, 98, 1, 90
cnst, 99, 1, 90
cnst, 100, 1, 90
cnst, 101, 1, 90
cnst, 102, 1, 90
cnst, 103, 1, 90
cnst, 104, 1, 90
cnst, 105, 1, 90
cnst, 106, 1, 90
cnst, 107, 1, 90
cnst, 108, 1, 90
cnst, 109, 1, 90
cnst, 110, 1, 90
cnst, 111, 1, 90
cnst, 112, 1, 90
cnst, 113, 1, 90
cnst, 114, 1, 90
cnst, 115, 1, 90
cnst, 116, 1, 90
cnst, 117, 1, 90
cnst, 118, 1, 90
cnst, 119, 1, 90
cnst, 120, 1, 90
cnst, 121, 1, 90
cnst, 122, 1, 90
cnst, 123, 1, 90
cnst, 124, 1, 90
cnst, 125, 1, 90
cnst, 126, 1, 90
cnst, 127, 1, 90
ptms, 1, 100, 0
ptms, 2, 100, 0
ptms, 3, 100, 0
ptms, 4, 100, 0
ptms, 5, 100, 0
ptms, 6, 100, 0
ptms, 7, 100, 0
ptms, 8, 100, 0
ptms, 9, 100, 0
ptms, 10, 100, 0
ptms, 11, 100, 0
ptms, 12, 100, 0
ptms, 13, 100, 0
ptms, 14, 100, 0
ptms, 15, 100, 0
ptms, 16, 100, 0
ptms, 17, 100, 0
ptms, 18, 100, 0
ptms, 19, 100, 0
ptms, 20, 100, 0
ptms, 21, 100, 0
ptms, 22, 100, 0
ptms, 23, 100, 0
ptms, 24, 100, 0
ptms, 25, 100, 0
ptms, 26, 100, 0
ptms, 27, 100, 0
ptms, 28, 100, 0
ptms, 29, 100, 0
ptms, 30, 100, 0
ptms, 31, 100, 0
ptms, 32, 100, 0
ptms, 33, 100, 0
ptms, 34, 100, 0
ptms, 35, 100, 0
ptms, 36, 100, 0
ptms, 37, 100, 0
ptms, 38, 100, 0
ptms, 39, 100, 0
ptms, 40, 100, 0
ptms, 41, 100, 0
ptms, 42, 100, 0
ptms, 43, 100, 0
ptms, 44, 100, 0
ptms, 45, 100, 0
ptms, 46, 100, 0
ptms, 47, 100, 0
ptms, 48, 100, 0
ptms, 49, 100, 0
ptms, 50, 100, 0
ptms, 51, 100, 0
ptms, 52, 100, 0
ptms, 53, 100, 0
ptms, 54, 100, 0
ptms, 55, 100, 0
ptms, 56, 100, 0
ptms, 57, 100, 0
ptms, 58, 100, 0
ptms, 59, 100, 0
ptms, 60, 100, 0
ptms, 61, 100, 0
ptms, 62, 100, 0
ptms, 63, 100, 0
ptms, 64, 100, 0
ptms, 65, 100, 0
ptms, 66, 100, 0
ptms, 67, 100, 0
ptms, 68, 100, 0
ptms, 69, 100, 0
ptms, 70, 100, 0
ptms, 71, 100, 0
ptms, 72, 100, 0
ptms, 73, 100, 0
ptms, 74, 100, 0
ptms, 75, 100, 0
ptms, 76, 100, 0
ptms, 77, 100, 0
ptms, 78, 100, 0
ptms, 79, 100, 0
ptms, 80, 100, 0
ptms, 81, 100, 0
ptms, 82, 100, 0
ptms, 83, 100, 0
ptms, 84, 100, 0
ptms, 85, 100, 0
ptms, 86, 100, 0
ptms, 87, 100, 0
ptms, 88, 100, 0
ptms, 89, 100, 0
ptms, 90, 100, 0
ptms, 91, 100, 0
ptms, 92, 100, 0
ptms, 93, 100, 0
ptms, 94, 100, 0
ptms, 95, 100, 0
ptms, 96, 100, 0
ptms, 97, 100, 0
ptms, 98, 100, 0
ptms, 99, 100, 0
ptms, 100, 100, 0
ptms, 101, 100, 0
ptms, 102, 100, 0
ptms, 103, 100, 0
ptms, 104, 100, 0
ptms, 105, 100, 0
ptms, 106, 100, 0
ptms, 107, 100, 0
ptms, 108, 100, 0
ptms, 109, 100, 0
ptms, 110, 100, 0
ptms, 111, 100, 0
ptms, 112, 100, 0
ptms, 113, 100, 0
ptms, 114, 100, 0
ptms, 115, 100, 0
ptms, 116, 100, 0
ptms, 117, 100, 0
ptms, 118, 100, 0
ptms, 119, 100, 0
ptms, 120, 100, 0
ptms, 121, 100, 0
ptms, 122, 100, 0
ptms, 123, 100, 0
ptms, 124, 100, 0
ptms, 125, 100, 0
ptms, 126, 100, 0
ptms, 127, 100, 0
mtrl, 0, Default Rigid, inf
mtrl, 1, Default Spring, 100
