node, 0, 2464.37, 2893.96
node, 1, 2497.74, 2906.1
node, 2, 2534.91, 2700.17
node, 3, 2568.27, 2712.31
node, 4, 2497.42, 2903.33
node, 5, 2566.24, 2714.24
node, 6, 2360.13, 2715.46
node, 7, 2337, 2728.82
node, 8, 2463.24, 2894.06
node, 9, 2440.11, 2907.42
node, 10, 2339.33, 2730.36
node, 11, 2439.94, 2904.62
node, 12, 2360.62, 2714.52
node, 13, 2358.74, 2693.06
node, 14, 2534.26, 2699.33
node, 15, 2532.39, 2677.87
node, 16, 2361.34, 2694.09
node, 17, 2530, 2679.34
node, 18, 2360.72, 2714.52
node, 19, 2362.42, 2695.19
node, 20, 2187.08, 2699.33
node, 21, 2188.77, 2680
node, 22, 2359.82, 2696.22
node, 23, 2191.15, 2681.46
node, 24, 2534.16, 2699.35
node, 25, 2528, 2676.39
node, 26, 2702.53, 2654.24
node, 27, 2696.38, 2631.28
node, 28, 2530.74, 2676.95
node, 29, 2694.29, 2633.13
node, 30, 2860.67, 2787.4
node, 31, 2860.67, 2581.17
node, 32, 3039.27, 2684.29
node, 33, 2666.88, 2857.94
node, 34, 2702.69, 2654.84
node, 35, 2463.78, 2893.75
node, 36, 2534.32, 2699.96
node, 37, 2257.56, 2893.75
node, 38, 2187.02, 2699.96
node, 39, 2054.46, 2857.94
node, 40, 2360.67, 2715.15
node, 41, 2018.65, 2654.84
node, 42, 1860.67, 2787.4
node, 43, 1860.67, 2581.17
node, 44, 1682.07, 2684.29
node, 45, 1717.88, 2481.19
node, 46, 1524.09, 2551.73
node, 47, 1594.63, 2357.94
node, 48, 1391.53, 2393.75
node, 49, 1494.64, 2215.15
node, 50, 1288.42, 2215.15
node, 51, 1420.98, 2057.17
node, 52, 1217.88, 2021.36
node, 53, 1375.86, 1888.8
node, 54, 1182.07, 1818.26
node, 55, 1360.67, 1715.15
node, 56, 1182.07, 1612.03
node, 57, 1217.88, 1408.94
node, 58, 1375.86, 1541.5
node, 59, 1288.42, 1215.15
node, 60, 1420.98, 1373.13
node, 61, 1391.53, 1036.55
node, 62, 1494.64, 1215.15
node, 63, 1524.09, 878.569
node, 64, 1594.63, 1072.36
node, 65, 1682.07, 746.008
node, 66, 1717.88, 949.103
node, 67, 1860.67, 642.894
node, 68, 1860.67, 849.122
node, 69, 2054.46, 572.36
node, 70, 2018.65, 775.455
node, 71, 2257.56, 536.549
node, 72, 2360.67, 715.148
node, 73, 2463.78, 536.549
node, 74, 2187.02, 730.34
node, 75, 2534.32, 730.34
node, 76, 2666.88, 572.36
node, 77, 2702.69, 775.455
node, 78, 2860.67, 642.894
node, 79, 2860.67, 849.122
node, 80, 3039.27, 746.008
node, 81, 3003.46, 949.103
node, 82, 3197.25, 878.569
node, 83, 3126.71, 1072.36
node, 84, 3329.81, 1036.55
node, 85, 3226.7, 1215.15
node, 86, 3432.92, 1215.15
node, 87, 3300.36, 1373.13
node, 88, 3503.46, 1408.94
node, 89, 3345.48, 1541.5
node, 90, 3539.27, 1612.03
node, 91, 3539.27, 1818.26
node, 92, 3360.67, 1715.15
node, 93, 3503.46, 2021.36
node, 94, 3345.48, 1888.8
node, 95, 3432.92, 2215.15
node, 96, 3300.36, 2057.17
node, 97, 3329.81, 2393.75
node, 98, 3226.7, 2215.15
node, 99, 3197.25, 2551.73
node, 100, 3126.71, 2357.94
node, 101, 3003.46, 2481.19
line, 0, 0, 1, 1
line, 1, 2, 3, 1
line, 2, 4, 5, 1
line, 3, 6, 7, 1
line, 4, 8, 9, 1
line, 5, 10, 11, 1
line, 6, 12, 13, 1
line, 7, 14, 15, 1
line, 8, 16, 17, 1
line, 9, 18, 19, 1
line, 10, 20, 21, 1
line, 11, 22, 23, 1
line, 12, 24, 25, 1
line, 13, 26, 27, 1
line, 14, 28, 29, 1
line, 15, 30, 31, 1
line, 16, 31, 32, 1
line, 17, 33, 34, 1
line, 18, 34, 30, 1
line, 19, 35, 36, 1
line, 20, 36, 33, 1
line, 21, 37, 38, 1
line, 22, 38, 39, 1
line, 23, 37, 40, 1
line, 24, 40, 35, 1
line, 25, 39, 41, 1
line, 26, 41, 42, 1
line, 27, 42, 43, 1
line, 28, 43, 44, 1
line, 29, 44, 45, 1
line, 30, 45, 46, 1
line, 31, 46, 47, 1
line, 32, 47, 48, 1
line, 33, 48, 49, 1
line, 34, 49, 50, 1
line, 35, 50, 51, 1
line, 36, 51, 52, 1
line, 37, 52, 53, 1
line, 38, 53, 54, 1
line, 39, 54, 55, 1
line, 40, 55, 56, 1
line, 41, 57, 58, 1
line, 42, 58, 56, 1
line, 43, 59, 60, 1
line, 44, 60, 57, 1
line, 45, 61, 62, 1
line, 46, 62, 59, 1
line, 47, 63, 64, 1
line, 48, 64, 61, 1
line, 49, 65, 66, 1
line, 50, 66, 63, 1
line, 51, 67, 68, 1
line, 52, 68, 65, 1
line, 53, 69, 70, 1
line, 54, 70, 67, 1
line, 55, 71, 72, 1
line, 56, 72, 73, 1
line, 57, 71, 74, 1
line, 58, 74, 69, 1
line, 59, 73, 75, 1
line, 60, 75, 76, 1
line, 61, 76, 77, 1
line, 62, 77, 78, 1
line, 63, 78, 79, 1
line, 64, 79, 80, 1
line, 65, 80, 81, 1
line, 66, 81, 82, 1
line, 67, 82, 83, 1
line, 68, 83, 84, 1
line, 69, 84, 85, 1
line, 70, 85, 86, 1
line, 71, 86, 87, 1
line, 72, 87, 88, 1
line, 73, 88, 89, 1
line, 74, 89, 90, 1
line, 75, 91, 92, 1
line, 76, 92, 90, 1
line, 77, 93, 94, 1
line, 78, 94, 91, 1
line, 79, 95, 96, 1
line, 80, 96, 93, 1
line, 81, 97, 98, 1
line, 82, 98, 95, 1
line, 83, 99, 100, 1
line, 84, 100, 97, 1
line, 85, 32, 101, 1
line, 86, 101, 99, 1
line, 87, 43, 41, 1
line, 88, 41, 38, 1
line, 89, 38, 40, 1
line, 90, 40, 36, 1
line, 91, 36, 34, 1
line, 92, 34, 31, 1
line, 93, 31, 101, 1
line, 94, 101, 100, 1
line, 95, 100, 98, 1
line, 96, 98, 96, 1
line, 97, 96, 94, 1
line, 98, 94, 92, 1
line, 99, 92, 89, 1
line, 100, 89, 87, 1
line, 101, 87, 85, 1
line, 102, 85, 83, 1
line, 103, 83, 81, 1
line, 104, 81, 79, 1
line, 105, 79, 77, 1
line, 106, 77, 75, 1
line, 107, 75, 72, 1
line, 108, 72, 74, 1
line, 109, 74, 70, 1
line, 110, 70, 68, 1
line, 111, 68, 66, 1
line, 112, 66, 64, 1
line, 113, 64, 62, 1
line, 114, 62, 60, 1
line, 115, 60, 58, 1
line, 116, 58, 55, 1
line, 117, 55, 53, 1
line, 118, 53, 51, 1
line, 119, 51, 49, 1
line, 120, 49, 47, 1
line, 121, 47, 45, 1
line, 122, 45, 43, 1
line, 123, 48, 46, 1
line, 124, 46, 44, 1
line, 125, 44, 42, 1
line, 126, 42, 39, 1
line, 127, 39, 37, 1
line, 128, 37, 35, 1
line, 129, 35, 33, 1
line, 130, 33, 30, 1
line, 131, 30, 32, 1
line, 132, 32, 99, 1
line, 133, 99, 97, 1
line, 134, 97, 95, 1
line, 135, 95, 93, 1
line, 136, 93, 91, 1
line, 137, 91, 90, 1
line, 138, 90, 88, 1
line, 139, 88, 86, 1
line, 140, 86, 84, 1
line, 141, 84, 82, 1
line, 142, 82, 80, 1
line, 143, 80, 78, 1
line, 144, 78, 76, 1
line, 145, 76, 73, 1
line, 146, 73, 71, 1
line, 147, 71, 69, 1
line, 148, 69, 67, 1
line, 149, 67, 65, 1
line, 150, 65, 63, 1
line, 151, 63, 61, 1
line, 152, 61, 59, 1
line, 153, 59, 57, 1
line, 154, 57, 56, 1
line, 155, 56, 54, 1
line, 156, 54, 52, 1
line, 157, 52, 50, 1
line, 158, 50, 48, 1
mtrl, 0, Default Rigid, inf
mtrl, 1, Default Spring, 100
