0, 0, 0, 2.40483
1, 1, 0, 3.83171
2, 2, 0, 5.13562
3, 0, 1, 5.52008
4, 3, 0, 6.38016
5, 1, 1, 7.01559
6, 4, 0, 7.58834
7, 2, 1, 8.41724
8, 0, 2, 8.65373
9, 5, 0, 8.77148
10, 3, 1, 9.76102
11, 6, 0, 9.93611
12, 1, 2, 10.1735
13, 4, 1, 11.0647
14, 7, 0, 11.0864
15, 2, 2, 11.6198
16, 0, 3, 11.7915
17, 8, 0, 12.2251
18, 5, 1, 12.3386
19, 3, 2, 13.0152
20, 1, 3, 13.3237
21, 9, 0, 13.3543
22, 6, 1, 13.5893
23, 4, 2, 14.3725
24, 10, 0, 14.4755
25, 2, 3, 14.796
26, 7, 1, 14.8213
27, 0, 4, 14.9309
28, 11, 0, 15.5898
29, 5, 2, 15.7002
30, 8, 1, 16.0378
31, 3, 3, 16.2235
32, 1, 4, 16.4706
33, 12, 0, 16.6982
34, 6, 2, 17.0038
35, 9, 1, 17.2412
36, 4, 3, 17.616
37, 13, 0, 17.8014
38, 2, 4, 17.9598
39, 0, 5, 18.0711
40, 7, 2, 18.2876
41, 10, 1, 18.4335
42, 14, 0, 18.9
43, 5, 3, 18.9801
44, 3, 4, 19.4094
45, 8, 2, 19.5545
46, 1, 5, 19.6159
47, 11, 1, 19.616
48, 15, 0, 19.9944
49, 6, 3, 20.3208
50, 12, 1, 20.7899
51, 9, 2, 20.807
52, 4, 4, 20.8269
53, 16, 0, 21.0851
54, 2, 5, 21.117
55, 0, 6, 21.2116
56, 7, 3, 21.6415
57, 13, 1, 21.9562
58, 10, 2, 22.047
59, 17, 0, 22.1725
60, 5, 4, 22.2178
61, 3, 5, 22.5827
62, 1, 6, 22.7601
63, 8, 3, 22.9452
64, 14, 1, 23.1158
65, 18, 0, 23.2568
66, 11, 2, 23.2759
67, 6, 4, 23.5861
68, 4, 5, 24.019
69, 9, 3, 24.2339
70, 15, 1, 24.2692
71, 2, 6, 24.2701
72, 19, 0, 24.3382
73, 0, 7, 24.3525
74, 12, 2, 24.4949
75, 7, 4, 24.9349
76, 16, 1, 25.417
77, 20, 0, 25.4171
78, 5, 5, 25.4303
79, 10, 3, 25.5095
80, 13, 2, 25.7051
81, 3, 6, 25.7482
82, 1, 7, 25.9037
83, 8, 4, 26.2668
84, 21, 0, 26.4936
85, 17, 1, 26.5598
86, 11, 3, 26.7733
87, 6, 5, 26.8202
88, 14, 2, 26.9074
89, 4, 6, 27.1991
90, 2, 7, 27.4206
91, 0, 8, 27.4935
92, 22, 0, 27.5679
93, 9, 4, 27.5837
94, 18, 1, 27.6979
95, 12, 3, 28.0267
96, 15, 2, 28.1024
97, 7, 5, 28.1912
98, 5, 6, 28.6266
99, 23, 0, 28.6402
100, 19, 1, 28.8317
101, 10, 4, 28.8874
102, 3, 7, 28.9083
103, 1, 8, 29.0468
104, 13, 3, 29.2706
105, 16, 2, 29.2909
106, 8, 5, 29.5457
107, 24, 0, 29.7105
108, 20, 1, 29.9616
109, 6, 6, 30.0337
110, 11, 4, 30.1791
111, 4, 7, 30.371
112, 17, 2, 30.4733
113, 14, 3, 30.506
114, 2, 8, 30.5692
115, 0, 9, 30.6346
116, 25, 0, 30.779
117, 9, 5, 30.8854
118, 21, 1, 31.0878
119, 7, 6, 31.4228
120, 12, 4, 31.46
121, 18, 2, 31.6501
122, 15, 3, 31.7334
123, 5, 7, 31.8117
124, 26, 0, 31.8459
125, 3, 8, 32.0649
126, 1, 9, 32.1897
127, 22, 1, 32.2106
128, 10, 5, 32.2119
129, 13, 4, 32.7311
130, 8, 6, 32.7958
131, 19, 2, 32.8218
132, 27, 0, 32.9112
133, 16, 3, 32.9537
134, 6, 7, 33.233
135, 23, 1, 33.3302
136, 11, 5, 33.5264
137, 4, 8, 33.5371
138, 2, 9, 33.7165
139, 0, 10, 33.7758
140, 28, 0, 33.9749
141, 20, 2, 33.9887
142, 14, 4, 33.9932
143, 9, 6, 34.1544
144, 17, 3, 34.1673
145, 24, 1, 34.4468
146, 7, 7, 34.6371
147, 12, 5, 34.83
148, 5, 8, 34.9888
149, 29, 0, 35.0373
150, 21, 2, 35.1511
151, 3, 9, 35.2187
152, 15, 4, 35.2471
153, 1, 10, 35.3323
154, 18, 3, 35.3747
155, 10, 6, 35.4999
156, 25, 1, 35.5606
157, 8, 7, 36.0256
158, 30, 0, 36.0983
159, 13, 5, 36.1237
160, 22, 2, 36.3094
161, 6, 8, 36.422
162, 16, 4, 36.4934
163, 19, 3, 36.5765
164, 26, 1, 36.6717
165, 4, 9, 36.699
166, 11, 6, 36.8336
167, 2, 10, 36.8629
168, 0, 11, 36.9171
169, 31, 0, 37.1581
170, 9, 7, 37.4001
171, 14, 5, 37.4082
172, 23, 2, 37.4638
173, 17, 4, 37.7327
174, 20, 3, 37.7729
175, 27, 1, 37.7804
176, 7, 8, 37.8387
177, 12, 6, 38.1564
178, 5, 9, 38.1599
179, 32, 0, 38.2167
180, 3, 10, 38.3705
181, 1, 11, 38.4748
182, 24, 2, 38.6145
183, 15, 5, 38.6843
184, 10, 7, 38.7618
185, 28, 1, 38.8867
186, 21, 3, 38.9643
187, 18, 4, 38.9654
188, 8, 8, 39.2404
189, 33, 0, 39.2741
190, 13, 6, 39.4692
191, 6, 9, 39.6032
192, 25, 2, 39.7618
193, 4, 10, 39.8576
194, 16, 5, 39.9526
195, 29, 1, 39.9908
196, 2, 11, 40.0084
197, 0, 12, 40.0584
198, 11, 7, 40.1118
199, 22, 3, 40.1511
200, 19, 4, 40.1921
201, 34, 0, 40.3305
202, 9, 8, 40.6286
203, 14, 6, 40.7728
204, 26, 2, 40.9058
205, 7, 9, 41.0308
206, 30, 1, 41.0928
207, 17, 5, 41.2136
208, 5, 10, 41.3264
209, 23, 3, 41.3334
210, 35, 0, 41.3858
211, 20, 4, 41.4131
212, 12, 7, 41.4511
213, 3, 11, 41.5207
214, 1, 12, 41.6171
215, 10, 8, 42.0042
216, 27, 2, 42.0467
217, 15, 6, 42.0679
218, 31, 1, 42.1927
219, 36, 0, 42.4401
220, 8, 9, 42.4439
221, 18, 5, 42.4678
222, 24, 3, 42.5117
223, 21, 4, 42.6287
224, 6, 10, 42.7785
225, 13, 7, 42.7804
226, 4, 11, 43.0137
227, 2, 12, 43.1535
228, 28, 2, 43.1848
229, 0, 13, 43.1998
230, 32, 1, 43.2908
231, 16, 6, 43.3551
232, 11, 8, 43.3684
233, 37, 0, 43.4935
234, 25, 3, 43.686
235, 19, 5, 43.7157
236, 22, 4, 43.8393
237, 9, 9, 43.8438
238, 14, 7, 44.1006
239, 7, 10, 44.2154
240, 29, 2, 44.32
241, 33, 1, 44.3871
242, 5, 11, 44.4893
243, 38, 0, 44.546
244, 17, 6, 44.6348
245, 3, 12, 44.6697
246, 12, 8, 44.7219
247, 1, 13, 44.7593
248, 26, 3, 44.8567
249, 20, 5, 44.9577
250, 23, 4, 45.0452
251, 10, 9, 45.2316
252, 15, 7, 45.4122
253, 30, 2, 45.4527
254, 34, 1, 45.4816
255, 39, 0, 45.5976
256, 8, 10, 45.6384
257, 18, 6, 45.9077
258, 6, 11, 45.949
259, 27, 3, 46.0239
260, 13, 8, 46.0657
261, 4, 12, 46.1679
262, 21, 5, 46.1941
263, 24, 4, 46.2466
264, 2, 13, 46.298
265, 0, 14, 46.3412
266, 35, 1, 46.5744
267, 31, 2, 46.5828
268, 11, 9, 46.6081
269, 40, 0, 46.6484
270, 16, 7, 46.7158
271, 9, 10, 47.0487
272, 19, 6, 47.174
273, 28, 3, 47.1877
274, 7, 11, 47.3942
275, 14, 8, 47.4003
276, 22, 5, 47.4252
277, 25, 4, 47.4439
278, 5, 12, 47.6494
279, 36, 1, 47.6657
280, 41, 0, 47.6984
281, 32, 2, 47.7106
282, 3, 13, 47.8178
283, 1, 14, 47.9015
284, 12, 9, 47.9743
285, 17, 7, 48.012
286, 29, 3, 48.3485
287, 20, 6, 48.4342
288, 10, 10, 48.4472
289, 26, 4, 48.6371
290, 23, 5, 48.6513
291, 15, 8, 48.7265
292, 42, 0, 48.7476
293, 37, 1, 48.7554
294, 8, 11, 48.8259
295, 33, 2, 48.836
296, 6, 12, 49.1158
297, 18, 7, 49.3011
298, 4, 13, 49.3204
299, 13, 9, 49.3308
300, 2, 14, 49.4422
301, 0, 15, 49.4826
302, 30, 3, 49.5062
303, 21, 6, 49.6887
304, 43, 0, 49.7961
305, 27, 4, 49.8265
306, 11, 10, 49.8347
307, 38, 1, 49.8437
308, 24, 5, 49.8728
309, 34, 2, 49.9593
310, 16, 8, 50.0446
311, 9, 11, 50.2453
312, 7, 12, 50.5682
313, 19, 7, 50.5837
314, 31, 3, 50.661
315, 14, 9, 50.6782
316, 5, 13, 50.8072
317, 44, 0, 50.8439
318, 39, 1, 50.9306
319, 22, 6, 50.9378
320, 3, 14, 50.965
321, 28, 4, 51.0123
322, 1, 15, 51.0435
323, 35, 2, 51.0806
324, 25, 5, 51.0897
325, 12, 10, 51.212
326, 17, 8, 51.3553
327, 10, 11, 51.6533
328, 32, 3, 51.8132
329, 20, 7, 51.86
330, 45, 0, 51.891
331, 8, 12, 52.0077
332, 40, 1, 52.0161
333, 15, 9, 52.0172
334, 23, 6, 52.1817
335, 29, 4, 52.1946
336, 36, 2, 52.1998
337, 6, 13, 52.2795
338, 26, 5, 52.3025
339, 4, 14, 52.4715
340, 13, 10, 52.5798
341, 2, 15, 52.586
342, 0, 16, 52.6241
343, 18, 8, 52.6589
344, 33, 3, 52.9627
345, 11, 11, 53.0505
346, 41, 1, 53.1004
347, 21, 7, 53.1305
348, 37, 2, 53.3171
349, 16, 9, 53.3483
350, 30, 4, 53.3737
351, 24, 6, 53.4207
352, 9, 12, 53.4352
353, 27, 5, 53.5112
354, 7, 13, 53.7383
355, 14, 10, 53.9387
356, 19, 8, 53.9559
357, 5, 14, 53.963
358, 34, 3, 54.1097
359, 3, 15, 54.1116
360, 42, 1, 54.1834
361, 1, 16, 54.1856
362, 22, 7, 54.3954
363, 38, 2, 54.4326
364, 12, 11, 54.4378
365, 31, 4, 54.5497
366, 25, 6, 54.6551
367, 17, 9, 54.6719
368, 28, 5, 54.7161
369, 10, 12, 54.8516
370, 8, 13, 55.1847
371, 20, 8, 55.2466
372, 35, 3, 55.2543
373, 43, 1, 55.2652
374, 15, 10, 55.2892
375, 6, 14, 55.4406
376, 39, 2, 55.5463
377, 4, 15, 55.6217
378, 23, 7, 55.6551
379, 32, 4, 55.7226
380, 2, 16, 55.7296
381, 0, 17, 55.7655
382, 13, 11, 55.8157
383, 26, 6, 55.8851
384, 29, 5, 55.9174
385, 18, 9, 55.9885
386, 11, 12, 56.2576
387, 44, 1, 56.3459
388, 36, 3, 56.3966
389, 21, 8, 56.5313
390, 9, 13, 56.6196
391, 16, 10, 56.6319
392, 40, 2, 56.6583
393, 33, 4, 56.8927
394, 7, 14, 56.9053
395, 24, 7, 56.9097
396, 27, 6, 57.1108
397, 30, 5, 57.1151
398, 5, 15, 57.1173
399, 14, 11, 57.1849
400, 3, 16, 57.2577
401, 19, 9, 57.2984
402, 1, 17, 57.3275
403, 45, 1, 57.4254
404, 37, 3, 57.5368
405, 12, 12, 57.6538
406, 41, 2, 57.7687
407, 22, 8, 57.8105
408, 17, 10, 57.9671
409, 10, 13, 58.0436
410, 34, 4, 58.0601
411, 25, 7, 58.1596
412, 31, 5, 58.3095
413, 28, 6, 58.3326
414, 8, 14, 58.3579
415, 15, 11, 58.5458
416, 6, 15, 58.5996
417, 20, 9, 58.602
418, 38, 3, 58.6748
419, 4, 16, 58.7708
420, 2, 17, 58.873
421, 42, 2, 58.8775
422, 0, 18, 58.907
423, 13, 12, 59.0409
424, 23, 8, 59.0843
425, 35, 4, 59.2248
426, 18, 10, 59.2954
427, 26, 7, 59.405
428, 11, 13, 59.4575
429, 32, 5, 59.5007
430, 29, 6, 59.5506
431, 9, 14, 59.7993
432, 39, 3, 59.8107
433, 16, 11, 59.899
434, 21, 9, 59.8997
435, 43, 2, 59.9848
436, 7, 15, 60.0695
437, 5, 16, 60.2702
438, 24, 8, 60.353
439, 36, 4, 60.387
440, 3, 17, 60.4032
441, 14, 12, 60.4194
442, 1, 18, 60.4695
443, 19, 10, 60.617
444, 27, 7, 60.646
445, 33, 5, 60.6888
446, 30, 6, 60.7649
447, 12, 13, 60.8618
448, 40, 3, 60.9447
449, 44, 2, 61.0906
450, 22, 9, 61.1916
451, 10, 14, 61.2302
452, 17, 11, 61.2448
453, 8, 15, 61.5277
454, 37, 4, 61.5467
455, 25, 8, 61.6168
456, 6, 16, 61.7568
457, 15, 12, 61.7898
458, 34, 5, 61.874
459, 28, 7, 61.8829
460, 4, 17, 61.9192
461, 20, 10, 61.9323
462, 31, 6, 61.9757
463, 2, 18, 62.0162
464, 0, 19, 62.0485
465, 41, 3, 62.0768
466, 45, 2, 62.195
467, 13, 13, 62.2572
468, 23, 9, 62.4782
469, 18, 11, 62.5836
470, 11, 14, 62.6512
471, 38, 4, 62.7041
472, 26, 8, 62.8761
473, 9, 15, 62.9751
474, 35, 5, 63.0564
475, 29, 7, 63.1159
476, 16, 12, 63.1524
477, 32, 6, 63.1831
478, 42, 3, 63.2071
479, 7, 16, 63.2314
480, 21, 10, 63.2416
481, 5, 17, 63.4221
482, 3, 18, 63.5484
483, 1, 19, 63.6114
484, 14, 13, 63.6441
485, 24, 9, 63.7596
486, 39, 4, 63.8592
487, 19, 11, 63.9158
488, 12, 14, 64.0629
489, 27, 8, 64.1309
490, 36, 5, 64.236
491, 43, 3, 64.3356
492, 30, 7, 64.345
493, 33, 6, 64.3873
494, 10, 15, 64.4123
495, 17, 12, 64.5078
496, 22, 10, 64.5452
497, 8, 16, 64.6948
498, 6, 17, 64.9125
499, 40, 4, 65.0122
500, 15, 13, 65.023
501, 25, 9, 65.0361
502, 4, 18, 65.067
503, 2, 19, 65.1593
504, 0, 20, 65.19
505, 20, 11, 65.2418
506, 28, 8, 65.3814
507, 37, 5, 65.413
508, 44, 3, 65.4624
509, 13, 14, 65.4659
510, 31, 7, 65.5706
511, 34, 6, 65.5884
512, 11, 15, 65.8398
513, 23, 10, 65.8434
514, 18, 12, 65.8563
515, 9, 16, 66.1476
516, 41, 4, 66.1631
517, 26, 9, 66.3079
518, 7, 17, 66.3914
519, 16, 13, 66.3944
520, 21, 11, 66.5617
521, 5, 18, 66.5729
522, 45, 3, 66.5875
523, 38, 5, 66.5875
524, 29, 8, 66.6279
525, 3, 19, 66.6932
526, 1, 20, 66.7532
527, 35, 6, 66.7865
528, 32, 7, 66.7926
529, 14, 14, 66.8605
530, 24, 10, 67.1364
531, 19, 12, 67.1982
532, 12, 15, 67.2583
533, 42, 4, 67.3119
534, 27, 9, 67.5752
535, 10, 16, 67.5905
536, 17, 13, 67.7586
537, 39, 5, 67.7596
538, 8, 17, 67.8594
539, 30, 8, 67.8705
540, 22, 11, 67.876
541, 36, 6, 67.9818
542, 33, 7, 68.0113
543, 6, 18, 68.0669
544, 4, 19, 68.2142
545, 15, 14, 68.2473
546, 2, 20, 68.3022
547, 0, 21, 68.3315
548, 25, 10, 68.4244
549, 43, 4, 68.4588
550, 20, 12, 68.5339
551, 13, 15, 68.6681
552, 28, 9, 68.8382
553, 40, 5, 68.9293
554, 11, 16, 69.024
555, 31, 8, 69.1094
556, 18, 13, 69.1159
557, 37, 6, 69.1742
558, 23, 11, 69.1848
559, 34, 7, 69.2267
560, 9, 17, 69.3172
561, 7, 18, 69.5497
562, 44, 4, 69.6038
563, 16, 14, 69.6266
564, 26, 10, 69.7077
565, 5, 19, 69.7229
566, 3, 20, 69.8378
567, 21, 12, 69.8636
568, 1, 21, 69.8951
569, 14, 15, 70.0699
570, 41, 5, 70.0968
571, 29, 9, 70.0971
572, 32, 8, 70.3447
573, 38, 6, 70.364
574, 35, 7, 70.4391
575, 12, 16, 70.4486
576, 19, 13, 70.4668
577, 24, 11, 70.4884
578, 45, 4, 70.7469
579, 10, 17, 70.7653
580, 27, 10, 70.9865
581, 17, 14, 70.9989
582, 8, 18, 71.022
583, 22, 12, 71.1877
584, 6, 19, 71.2201
585, 42, 5, 71.262
586, 30, 9, 71.352
587, 4, 20, 71.3609
588, 2, 21, 71.445
589, 15, 15, 71.4639
590, 0, 22, 71.473
591, 39, 6, 71.5513
592, 33, 8, 71.5766
593, 36, 7, 71.6484
594, 25, 11, 71.7871
595, 20, 13, 71.8114
596, 13, 16, 71.8648
597, 11, 17, 72.2043
598, 28, 10, 72.2609
599, 18, 14, 72.3644
600, 43, 5, 72.4252
601, 9, 18, 72.4844
602, 23, 12, 72.5063
603, 31, 9, 72.6031
604, 7, 19, 72.7066
605, 40, 6, 72.736
606, 34, 8, 72.8051
607, 16, 15, 72.8505
608, 37, 7, 72.8549
609, 5, 20, 72.8722
610, 3, 21, 72.9821
611, 1, 22, 73.0369
612, 26, 11, 73.0809
613, 21, 13, 73.1501
614, 14, 16, 73.2731
615, 29, 10, 73.5311
616, 44, 5, 73.5863
617, 12, 17, 73.6346
618, 19, 14, 73.7234
619, 24, 12, 73.8196
620, 32, 9, 73.8505
621, 41, 6, 73.9184
622, 10, 18, 73.9373
623, 35, 8, 74.0304
624, 38, 7, 74.0586
625, 8, 19, 74.1828
626, 17, 15, 74.2302
627, 27, 11, 74.3702
628, 6, 20, 74.3724
629, 22, 13, 74.4831
630, 4, 21, 74.5071
631, 2, 22, 74.5877
632, 0, 23, 74.6145
633, 15, 16, 74.6738
634, 45, 5, 74.7454
635, 30, 10, 74.7973
636, 13, 17, 75.0567
637, 20, 14, 75.0763
638, 33, 9, 75.0944
639, 42, 6, 75.0984
640, 25, 12, 75.1281
641, 36, 8, 75.2526
642, 39, 7, 75.2596
643, 11, 18, 75.3813
644, 18, 15, 75.6032
645, 9, 19, 75.6493
646, 28, 11, 75.6551
647, 23, 13, 75.8108
648, 7, 20, 75.8621
649, 5, 21, 76.0208
650, 31, 10, 76.0596
651, 16, 16, 76.0672
652, 3, 22, 76.1262
653, 1, 23, 76.1787
654, 43, 6, 76.2762
655, 34, 9, 76.3349
656, 21, 14, 76.4233
657, 26, 12, 76.4317
658, 40, 7, 76.458
659, 14, 17, 76.471
660, 37, 8, 76.4719
661, 12, 18, 76.8169
662, 29, 11, 76.9358
663, 19, 15, 76.9699
664, 10, 19, 77.1067
665, 24, 13, 77.1332
666, 32, 10, 77.3182
667, 8, 20, 77.342
668, 44, 6, 77.4518
669, 17, 16, 77.4538
670, 6, 21, 77.5238
671, 35, 9, 77.5721
672, 4, 22, 77.653
673, 41, 7, 77.6539
674, 38, 8, 77.6882
675, 2, 23, 77.7303
676, 27, 12, 77.7307
677, 0, 24, 77.756
678, 22, 14, 77.7647
679, 15, 17, 77.8779
680, 30, 11, 78.2124
681, 13, 18, 78.2445
682, 20, 15, 78.3304
683, 25, 13, 78.4506
684, 11, 19, 78.5555
685, 33, 10, 78.5732
686, 45, 6, 78.6253
687, 36, 9, 78.8062
688, 9, 20, 78.8124
689, 18, 16, 78.8338
690, 42, 7, 78.8473
691, 39, 8, 78.9018
692, 7, 21, 79.0166
693, 28, 12, 79.0253
694, 23, 14, 79.1007
695, 5, 22, 79.1689
696, 3, 23, 79.27
697, 16, 17, 79.2776
698, 1, 24, 79.3205
699, 31, 11, 79.4851
700, 14, 18, 79.6643
701, 21, 15, 79.6851
702, 26, 13, 79.7633
703, 34, 10, 79.8247
704, 12, 19, 79.9959
705, 37, 9, 80.0371
706, 43, 7, 80.0384
707, 40, 8, 80.1127
708, 19, 16, 80.2075
709, 10, 20, 80.2739
710, 29, 12, 80.3156
711, 24, 14, 80.4315
712, 8, 21, 80.4998
713, 17, 17, 80.6706
714, 6, 22, 80.6744
715, 32, 11, 80.754
716, 4, 23, 80.7985
717, 2, 24, 80.8728
718, 0, 25, 80.8976
719, 22, 15, 81.0343
720, 27, 13, 81.0713
721, 35, 10, 81.0729
722, 15, 18, 81.0769
723, 44, 7, 81.2272
724, 38, 9, 81.2652
725, 41, 8, 81.3209
726, 13, 19, 81.4285
727, 20, 16, 81.5751
728, 30, 12, 81.6019
729, 11, 20, 81.727
730, 25, 14, 81.7573
731, 9, 21, 81.9738
732, 33, 11, 82.0193
733, 18, 17, 82.057
734, 7, 22, 82.17
735, 5, 23, 82.3164
736, 36, 10, 82.3179
737, 28, 13, 82.3749
738, 23, 15, 82.378
739, 3, 24, 82.4137
740, 45, 7, 82.4138
741, 1, 25, 82.4623
742, 16, 18, 82.4825
743, 39, 9, 82.4903
744, 42, 8, 82.5267
745, 14, 19, 82.8536
746, 31, 12, 82.8842
747, 21, 16, 82.937
748, 26, 14, 83.0784
749, 12, 20, 83.172
750, 34, 11, 83.281
751, 19, 17, 83.4373
752, 10, 21, 83.4392
753, 37, 10, 83.5597
754, 8, 22, 83.6563
755, 29, 13, 83.6743
756, 40, 9, 83.7127
757, 24, 15, 83.7166
758, 43, 8, 83.73
759, 6, 23, 83.8243
760, 17, 18, 83.8814
761, 4, 24, 83.9438
762, 2, 25, 84.0153
763, 0, 26, 84.0391
764, 32, 12, 84.1627
765, 15, 19, 84.2715
766, 22, 16, 84.2934
767, 27, 14, 84.3948
768, 35, 11, 84.5394
769, 13, 20, 84.6093
770, 38, 10, 84.7985
771, 20, 17, 84.8116
772, 11, 21, 84.8963
773, 44, 8, 84.9309
774, 41, 9, 84.9324
775, 30, 13, 84.9695
776, 25, 15, 85.0503
777, 9, 22, 85.1337
778, 18, 18, 85.2739
779, 7, 23, 85.3226
780, 33, 12, 85.4375
781, 5, 24, 85.4636
782, 3, 25, 85.5573
783, 1, 26, 85.604
784, 23, 16, 85.6444
785, 16, 19, 85.6825
786, 28, 14, 85.7069
787, 36, 11, 85.7944
788, 39, 10, 86.0344
789, 14, 20, 86.0392
790, 45, 8, 86.1295
791, 42, 9, 86.1495
792, 21, 17, 86.1802
793, 31, 13, 86.2608
794, 12, 21, 86.3455
795, 26, 15, 86.3792
796, 10, 22, 86.6027
797, 19, 18, 86.6603
798, 34, 12, 86.7088
799, 8, 23, 86.8118
800, 6, 24, 86.9736
801, 24, 16, 86.9903
802, 29, 14, 87.0146
803, 37, 11, 87.0463
804, 17, 19, 87.087
805, 4, 25, 87.0888
806, 2, 26, 87.1577
807, 0, 27, 87.1806
808, 40, 10, 87.2674
809, 43, 9, 87.364
810, 15, 20, 87.4621
811, 22, 17, 87.5433
812, 32, 13, 87.5482
813, 27, 15, 87.7035
814, 13, 21, 87.7872
815, 35, 12, 87.9766
816, 20, 18, 88.0408
817, 11, 22, 88.0636
818, 9, 23, 88.2923
819, 38, 11, 88.2951
820, 30, 14, 88.3182
821, 25, 16, 88.3313
822, 7, 24, 88.4744
823, 18, 19, 88.4851
824, 41, 10, 88.4977
825, 44, 9, 88.5761
826, 5, 25, 88.6103
827, 3, 26, 88.7007
828, 1, 27, 88.7458
829, 33, 13, 88.8319
830, 16, 20, 88.8782
831, 23, 17, 88.9011
832, 28, 15, 89.0234
833, 14, 21, 89.2216
834, 36, 12, 89.2411
835, 21, 18, 89.4156
836, 12, 22, 89.5167
837, 39, 11, 89.541
838, 31, 14, 89.6179
839, 26, 16, 89.6675
840, 42, 10, 89.7253
841, 10, 23, 89.7646
842, 45, 9, 89.7859
843, 19, 19, 89.8772
844, 8, 24, 89.9663
845, 34, 13, 90.1121
846, 6, 25, 90.1224
847, 4, 26, 90.2335
848, 24, 17, 90.2538
849, 17, 20, 90.2879
850, 2, 27, 90.3
851, 0, 28, 90.3222
852, 29, 15, 90.339
853, 37, 12, 90.5024
854, 15, 21, 90.6491
855, 40, 11, 90.7839
856, 22, 18, 90.785
857, 32, 14, 90.9136
858, 43, 10, 90.9503
859, 13, 22, 90.9625
860, 27, 16, 90.9991
861, 11, 23, 91.229
862, 20, 19, 91.2635
863, 35, 13, 91.3888
864, 9, 24, 91.4498
865, 25, 17, 91.6016
866, 7, 25, 91.6254
867, 30, 15, 91.6504
868, 18, 20, 91.6913
869, 5, 26, 91.7567
870, 38, 12, 91.7606
871, 3, 27, 91.8439
872, 1, 28, 91.8875
873, 41, 11, 92.024
874, 16, 21, 92.0701
875, 23, 18, 92.1492
876, 44, 10, 92.1728
877, 33, 14, 92.2057
878, 28, 16, 92.3263
879, 14, 22, 92.4012
880, 21, 19, 92.6443
881, 36, 13, 92.6621
882, 12, 23, 92.6859
883, 10, 24, 92.9252
884, 26, 17, 92.9447
885, 31, 15, 92.9579
886, 39, 12, 93.0157
887, 19, 20, 93.0888
888, 8, 25, 93.1199
889, 42, 11, 93.2615
890, 6, 26, 93.2707
891, 4, 27, 93.378
892, 45, 10, 93.3929
893, 2, 28, 93.4423
894, 0, 29, 93.4637
895, 17, 21, 93.4846
896, 34, 14, 93.4942
897, 24, 18, 93.5083
898, 29, 16, 93.6493
899, 15, 22, 93.8331
900, 37, 13, 93.9321
901, 22, 19, 94.0196
902, 13, 23, 94.1355
903, 32, 15, 94.2615
904, 40, 12, 94.2679
905, 27, 17, 94.2833
906, 11, 24, 94.3929
907, 20, 20, 94.4806
908, 43, 11, 94.4962
909, 9, 25, 94.6061
910, 7, 26, 94.7759
911, 35, 14, 94.7791
912, 25, 18, 94.8626
913, 18, 21, 94.893
914, 5, 27, 94.9028
915, 30, 16, 94.9681
916, 3, 28, 94.9871
917, 1, 29, 95.0292
918, 38, 13, 95.199
919, 16, 22, 95.2585
920, 23, 19, 95.3897
921, 41, 12, 95.5172
922, 33, 15, 95.5614
923, 14, 23, 95.5782
924, 28, 17, 95.6174
925, 44, 11, 95.7284
926, 12, 24, 95.8532
927, 21, 20, 95.8668
928, 36, 14, 96.0607
929, 10, 25, 96.0845
930, 26, 18, 96.2122
931, 8, 26, 96.2727
932, 31, 16, 96.283
933, 19, 21, 96.2956
934, 6, 27, 96.4185
935, 39, 13, 96.4629
936, 4, 28, 96.5224
937, 2, 29, 96.5846
938, 0, 30, 96.6053
939, 17, 22, 96.6776
940, 24, 19, 96.7549
941, 42, 12, 96.7638
942, 34, 15, 96.8577
943, 29, 17, 96.9473
944, 45, 11, 96.9581
945, 15, 23, 97.0142
946, 22, 20, 97.2477
947, 13, 24, 97.3064
948, 37, 14, 97.339
949, 11, 25, 97.5553
950, 27, 18, 97.5572
951, 32, 16, 97.594
952, 20, 21, 97.6925
953, 40, 13, 97.7238
954, 9, 26, 97.7615
955, 7, 27, 97.9258
956, 43, 12, 98.0077
957, 5, 28, 98.0485
958, 18, 22, 98.0907
959, 25, 19, 98.1152
960, 3, 29, 98.1302
961, 35, 15, 98.1504
962, 1, 30, 98.171
963, 30, 17, 98.273
964, 16, 23, 98.4438
965, 38, 14, 98.6141
966, 23, 20, 98.6235
967, 14, 24, 98.7528
968, 28, 18, 98.8978
969, 33, 16, 98.9012
970, 41, 13, 98.9818
971, 12, 25, 99.0188
972, 21, 21, 99.0839
973, 10, 26, 99.2426
974, 44, 12, 99.249
975, 8, 27, 99.4248
976, 36, 15, 99.4398
977, 26, 19, 99.4709
978, 19, 22, 99.498
979, 6, 28, 99.566
980, 31, 17, 99.5948
981, 4, 29, 99.6665
982, 2, 30, 99.7268
983, 0, 31, 99.7468
984, 17, 23, 99.8672
985, 39, 14, 99.8862
986, 24, 20, 99.9943
987, 15, 24, 100.193
988, 34, 16, 100.205
989, 29, 18, 100.234
990, 42, 13, 100.237
991, 22, 21, 100.47
992, 13, 25, 100.475
993, 45, 12, 100.488
994, 11, 26, 100.716
995, 37, 15, 100.726
996, 27, 19, 100.822
997, 20, 22, 100.9
998, 32, 17, 100.913
999, 9, 27, 100.916
1000, 7, 28, 101.075
1001, 40, 14, 101.155
1002, 5, 29, 101.194
1003, 3, 30, 101.273
1004, 18, 23, 101.285
1005, 1, 31, 101.313
1006, 25, 20, 101.36
1007, 43, 13, 101.489
1008, 35, 16, 101.505
1009, 30, 18, 101.567
1010, 16, 24, 101.626
1011, 23, 21, 101.851
1012, 14, 25, 101.925
1013, 38, 15, 102.009
1014, 28, 19, 102.169
1015, 12, 26, 102.183
1016, 33, 17, 102.227
1017, 21, 22, 102.296
1018, 10, 27, 102.4
1019, 41, 14, 102.421
1020, 8, 28, 102.576
1021, 19, 23, 102.697
1022, 6, 29, 102.713
1023, 26, 20, 102.722
1024, 44, 13, 102.739
1025, 36, 16, 102.802
1026, 4, 30, 102.811
1027, 2, 31, 102.869
1028, 0, 32, 102.888
1029, 31, 18, 102.895
1030, 17, 24, 103.054
1031, 24, 21, 103.227
1032, 39, 15, 103.288
1033, 15, 25, 103.369
1034, 29, 19, 103.511
1035, 34, 17, 103.537
1036, 13, 26, 103.643
1037, 42, 14, 103.685
1038, 22, 22, 103.687
1039, 11, 27, 103.876
1040, 45, 13, 103.986
1041, 9, 28, 104.07
1042, 27, 20, 104.079
1043, 37, 16, 104.095
1044, 20, 23, 104.103
1045, 32, 18, 104.219
1046, 7, 29, 104.224
1047, 5, 30, 104.339
1048, 3, 31, 104.416
1049, 1, 32, 104.454
1050, 18, 24, 104.476
1051, 40, 15, 104.565
1052, 25, 21, 104.599
1053, 16, 25, 104.806
1054, 35, 17, 104.845
1055, 30, 19, 104.85
1056, 43, 14, 104.945
1057, 23, 22, 105.073
1058, 14, 26, 105.096
1059, 12, 27, 105.346
1060, 38, 16, 105.385
1061, 28, 20, 105.431
1062, 21, 23, 105.504
1063, 33, 18, 105.54
1064, 10, 28, 105.556
1065, 8, 29, 105.727
1066, 41, 15, 105.839
1067, 6, 30, 105.86
1068, 19, 24, 105.892
1069, 4, 31, 105.954
1070, 26, 21, 105.966
1071, 2, 32, 106.011
1072, 0, 33, 106.03
1073, 36, 17, 106.148
1074, 31, 19, 106.184
1075, 44, 14, 106.203
1076, 17, 25, 106.238
1077, 24, 22, 106.455
1078, 15, 26, 106.543
1079, 39, 16, 106.672
1080, 29, 20, 106.78
1081, 13, 27, 106.809
1082, 34, 18, 106.857
1083, 22, 23, 106.9
1084, 11, 28, 107.035
1085, 42, 15, 107.11
1086, 9, 29, 107.223
1087, 20, 24, 107.302
1088, 27, 21, 107.328
1089, 7, 30, 107.372
1090, 37, 17, 107.448
1091, 45, 14, 107.458
1092, 5, 31, 107.484
1093, 32, 19, 107.515
1094, 3, 32, 107.559
1095, 1, 33, 107.596
1096, 18, 25, 107.663
1097, 25, 22, 107.831
1098, 40, 16, 107.956
1099, 16, 26, 107.984
1100, 30, 20, 108.124
1101, 35, 18, 108.171
1102, 14, 27, 108.265
1103, 23, 23, 108.291
1104, 43, 15, 108.378
1105, 12, 28, 108.507
1106, 28, 21, 108.686
1107, 21, 24, 108.708
1108, 10, 29, 108.711
1109, 38, 17, 108.746
1110, 33, 19, 108.842
1111, 8, 30, 108.877
1112, 6, 31, 109.006
1113, 19, 25, 109.083
1114, 4, 32, 109.098
1115, 2, 33, 109.153
1116, 0, 34, 109.171
1117, 26, 22, 109.203
1118, 41, 16, 109.237
1119, 17, 26, 109.419
1120, 31, 20, 109.464
1121, 36, 18, 109.481
1122, 44, 15, 109.643
1123, 24, 23, 109.677
1124, 15, 27, 109.715
1125, 13, 28, 109.973
1126, 39, 17, 110.039
1127, 29, 21, 110.04
1128, 22, 24, 110.108
1129, 34, 19, 110.165
1130, 11, 29, 110.193
1131, 9, 30, 110.375
1132, 20, 25, 110.498
1133, 42, 16, 110.515
1134, 7, 31, 110.521
1135, 27, 22, 110.571
1136, 5, 32, 110.629
1137, 3, 33, 110.702
1138, 1, 34, 110.738
1139, 37, 18, 110.788
1140, 32, 20, 110.801
1141, 18, 26, 110.848
1142, 45, 15, 110.906
1143, 25, 23, 111.058
1144, 16, 27, 111.16
1145, 40, 17, 111.33
1146, 30, 21, 111.39
1147, 14, 28, 111.432
1148, 35, 19, 111.485
1149, 23, 24, 111.503
1150, 12, 29, 111.668
1151, 43, 16, 111.791
1152, 10, 30, 111.866
1153, 21, 25, 111.908
1154, 28, 22, 111.934
1155, 8, 31, 112.027
1156, 38, 18, 112.091
1157, 33, 20, 112.134
1158, 6, 32, 112.153
1159, 4, 33, 112.242
1160, 19, 26, 112.272
1161, 2, 34, 112.295
1162, 0, 35, 112.313
1163, 26, 23, 112.435
1164, 17, 27, 112.598
1165, 41, 17, 112.618
1166, 31, 21, 112.736
1167, 36, 19, 112.802
1168, 15, 28, 112.886
1169, 24, 24, 112.894
1170, 44, 16, 113.063
1171, 13, 29, 113.136
1172, 29, 22, 113.293
1173, 22, 25, 113.312
1174, 11, 30, 113.35
1175, 39, 18, 113.392
1176, 34, 20, 113.463
1177, 9, 31, 113.527
1178, 7, 32, 113.668
1179, 20, 26, 113.691
1180, 5, 33, 113.774
1181, 27, 23, 113.808
1182, 3, 34, 113.844
1183, 1, 35, 113.879
1184, 42, 17, 113.903
1185, 18, 27, 114.031
1186, 32, 21, 114.078
1187, 37, 19, 114.115
1188, 25, 24, 114.28
1189, 16, 28, 114.333
1190, 45, 16, 114.333
1191, 14, 29, 114.598
1192, 30, 22, 114.648
1193, 40, 18, 114.689
1194, 23, 25, 114.712
1195, 35, 20, 114.789
1196, 12, 30, 114.827
1197, 10, 31, 115.02
1198, 21, 26, 115.104
1199, 28, 23, 115.176
1200, 8, 32, 115.177
1201, 43, 17, 115.185
1202, 6, 33, 115.298
1203, 4, 34, 115.385
1204, 33, 21, 115.417
1205, 38, 19, 115.424
1206, 2, 35, 115.437
1207, 0, 36, 115.455
1208, 19, 27, 115.459
1209, 26, 24, 115.662
1210, 17, 28, 115.775
1211, 41, 18, 115.984
1212, 31, 22, 116
1213, 15, 29, 116.055
1214, 24, 25, 116.107
1215, 36, 20, 116.111
1216, 13, 30, 116.298
1217, 44, 17, 116.465
1218, 11, 31, 116.506
1219, 22, 26, 116.513
1220, 29, 23, 116.54
1221, 9, 32, 116.678
1222, 39, 19, 116.731
1223, 34, 21, 116.751
1224, 7, 33, 116.816
1225, 20, 27, 116.881
1226, 5, 34, 116.918
1227, 3, 35, 116.987
1228, 1, 36, 117.021
1229, 27, 24, 117.039
1230, 18, 28, 117.211
1231, 42, 18, 117.275
1232, 32, 22, 117.347
1233, 37, 20, 117.43
1234, 25, 25, 117.497
1235, 16, 29, 117.505
1236, 45, 17, 117.742
1237, 14, 30, 117.763
1238, 30, 23, 117.9
1239, 23, 26, 117.917
1240, 12, 31, 117.985
1241, 40, 19, 118.035
1242, 35, 21, 118.083
1243, 10, 32, 118.173
1244, 21, 27, 118.298
1245, 8, 33, 118.326
1246, 28, 24, 118.412
1247, 6, 34, 118.444
1248, 4, 35, 118.529
1249, 43, 18, 118.564
1250, 2, 36, 118.579
1251, 0, 37, 118.596
1252, 19, 28, 118.642
1253, 33, 22, 118.691
1254, 38, 20, 118.746
1255, 26, 25, 118.883
1256, 17, 29, 118.95
1257, 15, 30, 119.222
1258, 31, 23, 119.256
1259, 24, 26, 119.316
1260, 41, 19, 119.335
1261, 36, 21, 119.411
1262, 13, 31, 119.459
1263, 11, 32, 119.661
1264, 22, 27, 119.711
1265, 29, 24, 119.781
1266, 9, 33, 119.829
1267, 44, 18, 119.85
1268, 7, 34, 119.963
1269, 34, 22, 120.031
1270, 39, 20, 120.058
1271, 5, 35, 120.063
1272, 20, 28, 120.068
1273, 3, 36, 120.13
1274, 1, 37, 120.163
1275, 27, 25, 120.265
1276, 18, 29, 120.39
1277, 32, 23, 120.609
1278, 42, 19, 120.633
1279, 16, 30, 120.676
1280, 25, 26, 120.71
1281, 37, 21, 120.735
1282, 14, 31, 120.926
1283, 23, 27, 121.118
1284, 45, 18, 121.133
1285, 12, 32, 121.143
1286, 30, 24, 121.146
1287, 10, 33, 121.325
1288, 35, 22, 121.368
1289, 40, 20, 121.368
1290, 8, 34, 121.474
1291, 21, 28, 121.489
1292, 6, 35, 121.59
1293, 28, 25, 121.642
1294, 4, 36, 121.672
1295, 2, 37, 121.721
1296, 0, 38, 121.738
1297, 19, 29, 121.824
1298, 43, 19, 121.928
1299, 33, 23, 121.958
1300, 38, 21, 122.057
1301, 26, 26, 122.101
1302, 17, 30, 122.123
1303, 15, 31, 122.388
1304, 31, 24, 122.507
1305, 24, 27, 122.521
1306, 13, 32, 122.619
1307, 41, 20, 122.675
1308, 36, 22, 122.701
1309, 11, 33, 122.816
1310, 22, 28, 122.905
1311, 9, 34, 122.979
1312, 29, 25, 123.016
1313, 7, 35, 123.109
1314, 5, 36, 123.207
1315, 44, 19, 123.22
1316, 20, 29, 123.253
1317, 3, 37, 123.272
1318, 34, 23, 123.303
1319, 1, 38, 123.304
1320, 39, 21, 123.375
1321, 27, 26, 123.487
1322, 18, 30, 123.566
1323, 16, 31, 123.844
1324, 32, 24, 123.864
1325, 25, 27, 123.92
1326, 42, 20, 123.978
1327, 37, 22, 124.031
1328, 14, 32, 124.089
1329, 12, 33, 124.3
1330, 23, 28, 124.316
1331, 30, 25, 124.385
1332, 10, 34, 124.477
1333, 45, 19, 124.51
1334, 8, 35, 124.622
1335, 35, 23, 124.645
1336, 21, 29, 124.677
1337, 40, 21, 124.69
1338, 6, 36, 124.735
1339, 4, 37, 124.815
1340, 2, 38, 124.863
1341, 28, 26, 124.868
1342, 0, 39, 124.879
1343, 19, 30, 125.003
1344, 33, 24, 125.218
1345, 43, 20, 125.279
1346, 17, 31, 125.295
1347, 26, 27, 125.314
1348, 38, 22, 125.358
1349, 15, 32, 125.553
1350, 24, 28, 125.723
1351, 31, 25, 125.751
1352, 13, 33, 125.778
1353, 11, 34, 125.97
1354, 36, 23, 125.983
1355, 41, 21, 126.002
1356, 22, 29, 126.097
1357, 9, 35, 126.129
1358, 29, 26, 126.246
1359, 7, 36, 126.256
1360, 5, 37, 126.351
1361, 3, 38, 126.414
1362, 20, 30, 126.436
1363, 1, 39, 126.446
1364, 34, 24, 126.568
1365, 44, 20, 126.577
1366, 39, 22, 126.681
1367, 27, 27, 126.704
1368, 18, 31, 126.741
1369, 16, 32, 127.012
1370, 32, 25, 127.113
1371, 25, 28, 127.126
1372, 14, 33, 127.25
1373, 42, 21, 127.311
1374, 37, 23, 127.318
1375, 12, 34, 127.456
1376, 23, 29, 127.512
1377, 30, 26, 127.62
1378, 10, 35, 127.629
1379, 8, 36, 127.77
1380, 21, 30, 127.863
1381, 45, 20, 127.872
1382, 6, 37, 127.88
1383, 35, 24, 127.915
1384, 4, 38, 127.958
1385, 40, 22, 128.002
1386, 2, 39, 128.005
1387, 0, 40, 128.021
1388, 28, 27, 128.09
1389, 19, 31, 128.181
1390, 17, 32, 128.465
1391, 33, 25, 128.471
1392, 26, 28, 128.524
1393, 43, 21, 128.618
1394, 38, 23, 128.65
1395, 15, 33, 128.717
1396, 24, 29, 128.922
1397, 13, 34, 128.936
1398, 31, 26, 128.99
1399, 11, 35, 129.123
1400, 36, 24, 129.258
1401, 9, 36, 129.278
1402, 22, 30, 129.286
1403, 41, 22, 129.32
1404, 7, 37, 129.402
1405, 29, 27, 129.472
1406, 5, 38, 129.495
1407, 3, 39, 129.557
1408, 1, 40, 129.588
1409, 20, 31, 129.616
1410, 34, 25, 129.826
1411, 18, 32, 129.914
1412, 27, 28, 129.917
1413, 44, 21, 129.921
1414, 39, 23, 129.979
1415, 16, 33, 130.178
1416, 25, 29, 130.328
1417, 32, 26, 130.356
1418, 14, 34, 130.41
1419, 37, 24, 130.598
1420, 12, 35, 130.611
1421, 42, 22, 130.634
1422, 23, 30, 130.704
1423, 10, 36, 130.78
1424, 30, 27, 130.85
1425, 8, 37, 130.918
1426, 6, 38, 131.025
1427, 21, 31, 131.047
1428, 4, 39, 131.101
1429, 2, 40, 131.147
1430, 0, 41, 131.162
1431, 35, 25, 131.177
1432, 45, 21, 131.222
1433, 40, 23, 131.305
1434, 28, 28, 131.307
1435, 19, 32, 131.357
1436, 17, 33, 131.634
1437, 33, 26, 131.719
1438, 26, 29, 131.73
1439, 15, 34, 131.879
1440, 38, 24, 131.935
1441, 43, 22, 131.946
1442, 13, 35, 132.093
1443, 24, 30, 132.118
1444, 31, 27, 132.224
1445, 11, 36, 132.276
1446, 9, 37, 132.427
1447, 22, 31, 132.473
1448, 36, 25, 132.525
1449, 7, 38, 132.548
1450, 41, 23, 132.627
1451, 5, 39, 132.639
1452, 29, 28, 132.693
1453, 3, 40, 132.699
1454, 1, 41, 132.729
1455, 20, 32, 132.795
1456, 34, 26, 133.078
1457, 18, 33, 133.085
1458, 27, 29, 133.127
1459, 44, 22, 133.255
1460, 39, 24, 133.268
1461, 16, 34, 133.343
1462, 25, 30, 133.528
1463, 14, 35, 133.57
1464, 32, 27, 133.595
1465, 12, 36, 133.765
1466, 37, 25, 133.87
1467, 23, 31, 133.895
1468, 10, 37, 133.931
1469, 42, 23, 133.947
1470, 8, 38, 134.065
1471, 30, 28, 134.075
1472, 6, 39, 134.17
1473, 21, 32, 134.229
1474, 4, 40, 134.244
1475, 2, 41, 134.289
1476, 0, 42, 134.304
1477, 35, 26, 134.434
1478, 28, 29, 134.521
1479, 19, 33, 134.531
1480, 45, 22, 134.561
1481, 40, 24, 134.599
1482, 17, 34, 134.801
1483, 26, 30, 134.933
1484, 33, 27, 134.962
1485, 15, 35, 135.041
1486, 38, 25, 135.212
1487, 13, 36, 135.25
1488, 43, 23, 135.264
1489, 24, 31, 135.312
1490, 11, 37, 135.428
1491, 31, 28, 135.453
1492, 9, 38, 135.576
1493, 22, 32, 135.658
1494, 7, 39, 135.694
1495, 5, 40, 135.783
1496, 36, 26, 135.787
1497, 3, 41, 135.842
1498, 1, 42, 135.871
1499, 29, 29, 135.911
1500, 41, 24, 135.926
1501, 20, 33, 135.972
1502, 18, 34, 136.255
1503, 34, 27, 136.325
1504, 27, 30, 136.334
1505, 16, 35, 136.507
1506, 39, 25, 136.55
1507, 44, 23, 136.578
1508, 25, 31, 136.724
1509, 14, 36, 136.728
1510, 32, 28, 136.828
1511, 12, 37, 136.919
1512, 10, 38, 137.081
1513, 23, 32, 137.082
1514, 37, 26, 137.136
1515, 8, 39, 137.212
1516, 42, 24, 137.251
1517, 30, 29, 137.296
1518, 6, 40, 137.314
1519, 4, 41, 137.387
1520, 21, 33, 137.409
1521, 2, 42, 137.431
1522, 0, 43, 137.446
1523, 35, 27, 137.685
1524, 19, 34, 137.704
1525, 28, 30, 137.731
1526, 40, 25, 137.885
1527, 45, 23, 137.89
1528, 17, 35, 137.968
1529, 26, 31, 138.133
1530, 33, 28, 138.199
1531, 15, 36, 138.202
1532, 13, 37, 138.405
1533, 38, 26, 138.482
1534, 24, 32, 138.503
1535, 43, 24, 138.573
1536, 11, 38, 138.58
1537, 31, 29, 138.679
1538, 9, 39, 138.724
1539, 7, 40, 138.84
1540, 22, 33, 138.841
1541, 5, 41, 138.926
1542, 3, 42, 138.984
1543, 1, 43, 139.013
1544, 36, 27, 139.042
1545, 29, 30, 139.124
1546, 20, 34, 139.147
1547, 41, 25, 139.218
1548, 18, 35, 139.424
1549, 27, 31, 139.538
1550, 34, 28, 139.567
1551, 16, 36, 139.67
1552, 39, 26, 139.825
1553, 14, 37, 139.886
1554, 44, 24, 139.892
1555, 25, 32, 139.919
1556, 32, 29, 140.057
1557, 12, 38, 140.073
1558, 10, 39, 140.23
1559, 23, 33, 140.268
1560, 8, 40, 140.359
1561, 37, 27, 140.395
1562, 6, 41, 140.459
1563, 30, 30, 140.514
1564, 4, 42, 140.53
1565, 42, 25, 140.547
1566, 2, 43, 140.573
1567, 21, 34, 140.587
1568, 0, 44, 140.587
1569, 19, 35, 140.875
1570, 35, 28, 140.931
1571, 28, 31, 140.938
1572, 17, 36, 141.133
1573, 40, 26, 141.165
1574, 45, 24, 141.208
1575, 26, 32, 141.33
1576, 15, 37, 141.361
1577, 33, 29, 141.432
1578, 13, 38, 141.561
1579, 24, 33, 141.691
1580, 11, 39, 141.731
1581, 38, 27, 141.746
1582, 9, 40, 141.872
1583, 43, 25, 141.874
1584, 31, 30, 141.9
1585, 7, 41, 141.985
1586, 22, 34, 142.021
1587, 5, 42, 142.07
1588, 3, 43, 142.126
1589, 1, 44, 142.154
1590, 36, 28, 142.292
1591, 20, 35, 142.321
1592, 29, 31, 142.335
1593, 41, 26, 142.501
1594, 18, 36, 142.591
1595, 27, 32, 142.738
1596, 34, 29, 142.803
1597, 16, 37, 142.832
1598, 14, 38, 143.043
1599, 39, 27, 143.093
1600, 25, 33, 143.11
1601, 44, 25, 143.197
1602, 12, 39, 143.226
1603, 32, 30, 143.282
1604, 10, 40, 143.38
1605, 23, 34, 143.452
1606, 8, 41, 143.506
1607, 6, 42, 143.603
1608, 37, 28, 143.649
1609, 4, 43, 143.673
1610, 2, 44, 143.715
1611, 30, 31, 143.728
1612, 0, 45, 143.729
1613, 21, 35, 143.763
1614, 42, 26, 143.835
1615, 19, 36, 144.045
1616, 28, 32, 144.142
1617, 35, 29, 144.172
1618, 17, 37, 144.297
1619, 40, 27, 144.437
1620, 45, 25, 144.519
1621, 15, 38, 144.52
1622, 26, 33, 144.525
1623, 33, 30, 144.661
1624, 13, 39, 144.715
1625, 24, 34, 144.878
1626, 11, 40, 144.882
1627, 38, 28, 145.004
1628, 9, 41, 145.02
1629, 31, 31, 145.117
1630, 7, 42, 145.131
1631, 43, 26, 145.167
1632, 22, 35, 145.2
1633, 5, 43, 145.213
1634, 3, 44, 145.269
1635, 1, 45, 145.296
1636, 20, 36, 145.494
1637, 36, 29, 145.536
1638, 29, 32, 145.542
1639, 18, 37, 145.757
1640, 41, 27, 145.778
1641, 27, 33, 145.936
1642, 16, 38, 145.993
1643, 34, 30, 146.036
1644, 14, 39, 146.199
1645, 25, 34, 146.3
1646, 39, 28, 146.355
1647, 12, 40, 146.378
1648, 44, 26, 146.495
1649, 32, 31, 146.503
1650, 10, 41, 146.529
1651, 23, 35, 146.634
1652, 8, 42, 146.652
1653, 6, 43, 146.748
1654, 4, 44, 146.816
1655, 2, 45, 146.857
1656, 37, 29, 146.898
1657, 21, 36, 146.938
1658, 30, 32, 146.939
1659, 42, 27, 147.117
1660, 19, 37, 147.213
1661, 28, 33, 147.343
1662, 35, 30, 147.408
1663, 17, 38, 147.46
1664, 15, 39, 147.679
1665, 40, 28, 147.704
1666, 26, 34, 147.718
1667, 45, 26, 147.821
1668, 13, 40, 147.869
1669, 33, 31, 147.885
1670, 11, 41, 148.032
1671, 24, 35, 148.063
1672, 9, 42, 148.168
1673, 38, 29, 148.256
1674, 7, 43, 148.276
1675, 31, 32, 148.331
1676, 5, 44, 148.357
1677, 22, 36, 148.378
1678, 3, 45, 148.411
1679, 43, 27, 148.452
1680, 20, 37, 148.665
1681, 29, 33, 148.747
1682, 36, 30, 148.776
1683, 18, 38, 148.923
1684, 41, 28, 149.049
1685, 27, 34, 149.132
1686, 16, 39, 149.153
1687, 34, 31, 149.264
1688, 14, 40, 149.355
1689, 25, 35, 149.487
1690, 12, 41, 149.53
1691, 39, 29, 149.612
1692, 10, 42, 149.678
1693, 32, 32, 149.721
1694, 44, 27, 149.785
1695, 8, 43, 149.798
1696, 23, 36, 149.814
1697, 6, 44, 149.892
1698, 4, 45, 149.959
1699, 21, 37, 150.111
1700, 37, 30, 150.142
1701, 30, 33, 150.146
1702, 19, 38, 150.381
1703, 42, 28, 150.391
1704, 28, 34, 150.542
1705, 17, 39, 150.622
1706, 35, 31, 150.64
1707, 15, 40, 150.836
1708, 26, 35, 150.908
1709, 40, 29, 150.964
1710, 13, 41, 151.023
1711, 33, 32, 151.106
1712, 45, 27, 151.115
1713, 11, 42, 151.182
1714, 24, 36, 151.245
1715, 9, 43, 151.315
1716, 7, 44, 151.421
1717, 5, 45, 151.5
1718, 38, 30, 151.504
1719, 31, 33, 151.542
1720, 22, 37, 151.554
1721, 43, 28, 151.731
1722, 20, 38, 151.834
1723, 29, 34, 151.948
1724, 36, 31, 152.012
1725, 18, 39, 152.087
1726, 16, 40, 152.312
1727, 41, 29, 152.314
1728, 27, 35, 152.325
1729, 34, 32, 152.489
1730, 14, 41, 152.51
1731, 25, 36, 152.673
1732, 12, 42, 152.682
1733, 10, 43, 152.826
1734, 39, 30, 152.863
1735, 32, 33, 152.935
1736, 8, 44, 152.944
1737, 23, 37, 152.992
1738, 6, 45, 153.036
1739, 44, 28, 153.068
1740, 21, 38, 153.284
1741, 30, 34, 153.351
1742, 37, 31, 153.381
1743, 19, 39, 153.547
1744, 42, 29, 153.66
1745, 28, 35, 153.738
1746, 17, 40, 153.784
1747, 35, 32, 153.868
1748, 15, 41, 153.993
1749, 26, 36, 154.096
1750, 13, 42, 154.176
1751, 40, 30, 154.22
1752, 33, 33, 154.324
1753, 11, 43, 154.332
1754, 45, 28, 154.402
1755, 24, 37, 154.426
1756, 9, 44, 154.462
1757, 7, 45, 154.566
1758, 22, 38, 154.728
1759, 38, 31, 154.747
1760, 31, 34, 154.75
1761, 20, 39, 155.003
1762, 43, 29, 155.004
1763, 29, 35, 155.148
1764, 36, 32, 155.244
1765, 18, 40, 155.25
1766, 16, 41, 155.471
1767, 27, 36, 155.516
1768, 41, 30, 155.573
1769, 14, 42, 155.665
1770, 34, 33, 155.71
1771, 12, 43, 155.833
1772, 25, 37, 155.856
1773, 10, 44, 155.974
1774, 8, 45, 156.09
1775, 39, 31, 156.11
1776, 32, 34, 156.146
1777, 23, 38, 156.169
1778, 44, 29, 156.345
1779, 21, 39, 156.454
1780, 30, 35, 156.553
1781, 37, 32, 156.616
1782, 19, 40, 156.713
1783, 42, 30, 156.923
1784, 28, 36, 156.932
1785, 17, 41, 156.944
1786, 35, 33, 157.092
1787, 15, 42, 157.149
1788, 26, 37, 157.283
1789, 13, 43, 157.328
1790, 40, 31, 157.47
1791, 11, 44, 157.482
1792, 33, 34, 157.538
1793, 24, 38, 157.606
1794, 9, 45, 157.609
1795, 45, 29, 157.683
1796, 22, 39, 157.902
1797, 31, 35, 157.956
1798, 38, 32, 157.986
1799, 20, 40, 158.171
1800, 43, 30, 158.271
1801, 29, 36, 158.344
1802, 18, 41, 158.413
1803, 36, 33, 158.471
1804, 16, 42, 158.629
1805, 27, 37, 158.705
1806, 14, 43, 158.819
1807, 41, 31, 158.827
1808, 34, 34, 158.927
1809, 12, 44, 158.984
1810, 25, 38, 159.038
1811, 10, 45, 159.122
1812, 23, 39, 159.345
1813, 39, 32, 159.352
1814, 32, 35, 159.354
1815, 44, 30, 159.616
1816, 21, 40, 159.624
1817, 30, 36, 159.753
1818, 37, 33, 159.847
1819, 19, 41, 159.877
1820, 17, 42, 160.104
1821, 28, 37, 160.124
1822, 42, 31, 160.181
1823, 15, 43, 160.305
1824, 35, 34, 160.313
1825, 26, 38, 160.467
1826, 13, 44, 160.481
1827, 11, 45, 160.631
1828, 40, 32, 160.716
1829, 33, 35, 160.75
1830, 24, 39, 160.784
1831, 45, 30, 160.958
1832, 22, 40, 161.073
1833, 31, 36, 161.158
1834, 38, 33, 161.22
1835, 20, 41, 161.337
1836, 43, 31, 161.533
1837, 29, 37, 161.539
1838, 18, 42, 161.575
1839, 36, 34, 161.696
1840, 16, 43, 161.786
1841, 27, 38, 161.892
1842, 14, 44, 161.973
1843, 41, 32, 162.077
1844, 12, 45, 162.134
1845, 34, 35, 162.142
1846, 25, 39, 162.219
1847, 23, 40, 162.519
1848, 32, 36, 162.56
1849, 39, 33, 162.59
1850, 21, 41, 162.793
1851, 44, 31, 162.882
1852, 30, 37, 162.95
1853, 19, 42, 163.041
1854, 37, 34, 163.075
1855, 17, 43, 163.263
1856, 28, 38, 163.314
1857, 42, 32, 163.435
1858, 15, 44, 163.46
1859, 35, 35, 163.531
1860, 13, 45, 163.632
1861, 26, 39, 163.65
1862, 40, 33, 163.958
1863, 33, 36, 163.958
1864, 24, 40, 163.96
1865, 45, 31, 164.228
1866, 22, 41, 164.244
1867, 31, 37, 164.358
1868, 38, 34, 164.451
1869, 20, 42, 164.503
1870, 29, 38, 164.731
1871, 18, 43, 164.735
1872, 43, 32, 164.79
1873, 36, 35, 164.916
1874, 16, 44, 164.943
1875, 27, 39, 165.078
1876, 14, 45, 165.126
1877, 41, 33, 165.322
1878, 34, 36, 165.353
1879, 25, 40, 165.398
1880, 23, 41, 165.692
1881, 32, 37, 165.763
1882, 39, 34, 165.825
1883, 21, 42, 165.96
1884, 44, 32, 166.142
1885, 30, 38, 166.146
1886, 19, 43, 166.203
1887, 37, 35, 166.299
1888, 17, 44, 166.422
1889, 28, 39, 166.501
1890, 15, 45, 166.615
1891, 42, 33, 166.683
1892, 35, 36, 166.745
1893, 26, 40, 166.831
1894, 24, 41, 167.135
1895, 33, 37, 167.164
1896, 40, 34, 167.195
1897, 22, 42, 167.414
1898, 45, 32, 167.492
1899, 31, 38, 167.556
1900, 20, 43, 167.667
1901, 38, 35, 167.678
1902, 18, 44, 167.896
1903, 29, 39, 167.922
1904, 43, 33, 168.042
1905, 16, 45, 168.099
1906, 36, 36, 168.134
1907, 27, 40, 168.261
1908, 34, 37, 168.562
1909, 41, 34, 168.563
1910, 25, 41, 168.575
1911, 23, 42, 168.863
1912, 32, 38, 168.964
1913, 39, 35, 169.055
1914, 21, 43, 169.127
1915, 30, 39, 169.339
1916, 19, 44, 169.365
1917, 44, 33, 169.397
1918, 37, 36, 169.52
1919, 17, 45, 169.579
1920, 28, 40, 169.688
1921, 42, 34, 169.927
1922, 35, 37, 169.957
1923, 26, 41, 170.011
1924, 24, 42, 170.309
1925, 33, 38, 170.368
1926, 40, 35, 170.429
1927, 22, 43, 170.582
1928, 45, 33, 170.751
1929, 31, 39, 170.752
1930, 20, 44, 170.831
1931, 38, 36, 170.902
1932, 18, 45, 171.055
1933, 29, 40, 171.11
1934, 43, 34, 171.289
1935, 36, 37, 171.349
1936, 27, 41, 171.443
1937, 25, 42, 171.751
1938, 34, 38, 171.768
1939, 41, 35, 171.799
1940, 23, 43, 172.034
1941, 32, 39, 172.162
1942, 39, 36, 172.282
1943, 21, 44, 172.292
1944, 19, 45, 172.526
1945, 30, 40, 172.53
1946, 44, 34, 172.648
1947, 37, 37, 172.737
1948, 28, 41, 172.872
1949, 35, 38, 173.166
1950, 42, 35, 173.167
1951, 26, 42, 173.189
1952, 24, 43, 173.482
1953, 33, 39, 173.569
1954, 40, 36, 173.659
1955, 22, 44, 173.75
1956, 31, 40, 173.946
1957, 20, 45, 173.994
1958, 45, 34, 174.005
1959, 38, 37, 174.123
1960, 29, 41, 174.297
1961, 43, 35, 174.533
1962, 36, 38, 174.561
1963, 27, 42, 174.624
1964, 25, 43, 174.926
1965, 34, 39, 174.972
1966, 41, 36, 175.033
1967, 23, 44, 175.203
1968, 32, 40, 175.358
1969, 21, 45, 175.457
1970, 39, 37, 175.506
1971, 30, 41, 175.719
1972, 44, 35, 175.895
1973, 37, 38, 175.952
1974, 28, 42, 176.055
1975, 26, 43, 176.366
1976, 35, 39, 176.373
1977, 42, 36, 176.404
1978, 24, 44, 176.653
1979, 33, 40, 176.768
1980, 40, 37, 176.885
1981, 22, 45, 176.916
1982, 31, 41, 177.137
1983, 45, 35, 177.255
1984, 38, 38, 177.341
1985, 29, 42, 177.482
1986, 36, 39, 177.77
1987, 43, 36, 177.772
1988, 27, 43, 177.803
1989, 25, 44, 178.099
1990, 34, 40, 178.174
1991, 41, 37, 178.262
1992, 23, 45, 178.372
1993, 32, 41, 178.552
1994, 39, 38, 178.726
1995, 30, 42, 178.906
1996, 44, 36, 179.138
1997, 37, 39, 179.164
1998, 28, 43, 179.236
1999, 26, 44, 179.542
2000, 35, 40, 179.577
2001, 42, 37, 179.637
2002, 24, 45, 179.824
2003, 33, 41, 179.964
2004, 40, 38, 180.109
2005, 31, 42, 180.327
2006, 45, 36, 180.501
2007, 38, 39, 180.556
2008, 29, 43, 180.666
2009, 36, 40, 180.977
2010, 27, 44, 180.981
2011, 43, 37, 181.008
2012, 25, 45, 181.272
2013, 34, 41, 181.373
2014, 41, 38, 181.489
2015, 32, 42, 181.745
2016, 39, 39, 181.944
2017, 30, 43, 182.092
2018, 37, 40, 182.374
2019, 44, 37, 182.377
2020, 28, 44, 182.416
2021, 26, 45, 182.716
2022, 35, 41, 182.779
2023, 42, 38, 182.866
2024, 33, 42, 183.159
2025, 40, 39, 183.33
2026, 31, 43, 183.516
2027, 45, 37, 183.743
2028, 38, 40, 183.768
2029, 29, 44, 183.848
2030, 27, 45, 184.157
2031, 36, 41, 184.181
2032, 43, 38, 184.241
2033, 34, 42, 184.57
2034, 41, 39, 184.712
2035, 32, 43, 184.935
2036, 39, 40, 185.159
2037, 30, 44, 185.277
2038, 37, 41, 185.581
2039, 28, 45, 185.595
2040, 44, 38, 185.613
2041, 35, 42, 185.978
2042, 42, 39, 186.092
2043, 33, 43, 186.352
2044, 40, 40, 186.547
2045, 31, 44, 186.702
2046, 38, 41, 186.978
2047, 45, 38, 186.982
2048, 29, 45, 187.029
2049, 36, 42, 187.384
2050, 43, 39, 187.47
2051, 34, 43, 187.766
2052, 41, 40, 187.933
2053, 32, 44, 188.124
2054, 39, 41, 188.371
2055, 30, 45, 188.46
2056, 37, 42, 188.786
2057, 44, 39, 188.845
2058, 35, 43, 189.176
2059, 42, 40, 189.316
2060, 33, 44, 189.543
2061, 40, 41, 189.762
2062, 31, 45, 189.887
2063, 38, 42, 190.185
2064, 45, 39, 190.217
2065, 36, 43, 190.584
2066, 43, 40, 190.696
2067, 34, 44, 190.959
2068, 41, 41, 191.151
2069, 32, 45, 191.311
2070, 39, 42, 191.581
2071, 37, 43, 191.988
2072, 44, 40, 192.074
2073, 35, 44, 192.372
2074, 42, 41, 192.536
2075, 33, 45, 192.733
2076, 40, 42, 192.975
2077, 38, 43, 193.39
2078, 45, 40, 193.449
2079, 36, 44, 193.782
2080, 43, 41, 193.919
2081, 34, 45, 194.151
2082, 41, 42, 194.366
2083, 39, 43, 194.789
2084, 37, 44, 195.189
2085, 44, 41, 195.299
2086, 35, 45, 195.566
2087, 42, 42, 195.754
2088, 40, 43, 196.185
2089, 38, 44, 196.593
2090, 45, 41, 196.677
2091, 36, 45, 196.978
2092, 43, 42, 197.14
2093, 41, 43, 197.579
2094, 39, 44, 197.994
2095, 37, 45, 198.388
2096, 44, 42, 198.523
2097, 42, 43, 198.969
2098, 40, 44, 199.393
2099, 38, 45, 199.794
2100, 45, 42, 199.903
2101, 43, 43, 200.357
2102, 41, 44, 200.789
2103, 39, 45, 201.198
2104, 44, 43, 201.743
2105, 42, 44, 202.182
2106, 40, 45, 202.599
2107, 45, 43, 203.126
2108, 43, 44, 203.573
2109, 41, 45, 203.997
2110, 44, 44, 204.961
2111, 42, 45, 205.393
2112, 45, 44, 206.346
2113, 43, 45, 206.786
2114, 44, 45, 208.176
2115, 45, 45, 209.564
