node, 1, 100.00000, 0.00000, 0.00000
node, 2, 99.51777, -9.80881, 0.00000
node, 3, 98.07723, -19.51556, 0.00000
node, 4, 95.69224, -29.03438, 0.00000
node, 5, 92.38577, -38.27361, 0.00000
node, 6, 88.18966, -47.14429, 0.00000
node, 7, 83.14432, -55.56098, 0.00000
node, 8, 77.29833, -63.44264, 0.00000
node, 9, 70.70799, -70.71337, 0.00000
node, 10, 63.43676, -77.30316, 0.00000
node, 11, 55.55465, -83.14855, 0.00000
node, 12, 47.13758, -88.19325, 0.00000
node, 13, 38.26659, -92.38868, 0.00000
node, 14, 29.02710, -95.69445, 0.00000
node, 15, 19.50810, -98.07871, 0.00000
node, 16, 9.80124, -99.51852, 0.00000
node, 17, 0.00000, -100.00000, 0.00000
node, 18, -9.80905, -99.51775, 0.00000
node, 19, -19.51603, -98.07714, 0.00000
node, 20, -29.03507, -95.69203, 0.00000
node, 21, -38.27450, -92.38540, 0.00000
node, 22, -47.14534, -88.18910, 0.00000
node, 23, -55.56217, -83.14353, 0.00000
node, 24, -63.44393, -77.29727, 0.00000
node, 25, -70.71472, -70.70664, 0.00000
node, 26, -77.30452, -63.43510, 0.00000
node, 27, -83.14987, -55.55267, 0.00000
node, 28, -88.19448, -47.13527, 0.00000
node, 29, -92.38977, -38.26395, 0.00000
node, 30, -95.69535, -29.02414, 0.00000
node, 31, -98.07936, -19.50483, 0.00000
node, 32, -99.51887, -9.79769, 0.00000
node, 33, -100.00000, 0.00381, 0.00000
node, 34, -99.51812, 9.80527, 0.00000
node, 35, -98.07788, 19.51230, 0.00000
node, 36, -95.69314, 29.03143, 0.00000
node, 37, -92.38686, 38.27098, 0.00000
node, 38, -88.19089, 47.14198, 0.00000
node, 39, -83.14564, 55.55900, 0.00000
node, 40, -77.29969, 63.44098, 0.00000
node, 41, -70.70933, 70.71202, 0.00000
node, 42, -63.43804, 77.30210, 0.00000
node, 43, -55.55584, 83.14775, 0.00000
node, 44, -47.13863, 88.19269, 0.00000
node, 45, -38.26746, 92.38832, 0.00000
node, 46, -29.02779, 95.69424, 0.00000
node, 47, -19.50857, 98.07862, 0.00000
node, 48, -9.80148, 99.51850, 0.00000
node, 49, 0.00000, 100.00000, 0.00000
node, 50, 9.80881, 99.51777, 0.00000
node, 51, 19.51556, 98.07723, 0.00000
node, 52, 29.03438, 95.69224, 0.00000
node, 53, 38.27361, 92.38577, 0.00000
node, 54, 47.14429, 88.18966, 0.00000
node, 55, 55.56098, 83.14432, 0.00000
node, 56, 63.44264, 77.29833, 0.00000
node, 57, 70.71337, 70.70799, 0.00000
node, 58, 77.30316, 63.43676, 0.00000
node, 59, 83.14855, 55.55465, 0.00000
node, 60, 88.19325, 47.13758, 0.00000
node, 61, 92.38868, 38.26659, 0.00000
node, 62, 95.69445, 29.02710, 0.00000
node, 63, 98.07871, 19.50810, 0.00000
node, 64, 99.51852, 9.80124, 0.00000
node, 65, 75.54143, -0.00005, 0.00000
node, 66, -0.00038, -75.54143, 0.00000
node, 67, -75.54143, 0.00202, 0.00000
node, 68, 0.00039, 75.54143, 0.00000
node, 69, 5.39118, -71.93478, 0.00000
node, 70, 10.74053, -68.04289, 0.00000
node, 71, 16.05517, -64.03383, 0.00000
node, 72, 21.31178, -59.82849, 0.00000
node, 73, 26.49027, -55.45862, 0.00000
node, 74, 31.61288, -50.97094, 0.00000
node, 75, 36.59777, -46.28655, 0.00000
node, 76, 41.54635, -41.55030, 0.00000
node, 77, 46.28275, -36.60184, 0.00000
node, 78, 50.96716, -31.61696, 0.00000
node, 79, 55.45512, -26.49457, 0.00000
node, 80, 59.82502, -21.31607, 0.00000
node, 81, 64.03066, -16.05967, 0.00000
node, 82, 68.03977, -10.74501, 0.00000
node, 83, 71.93197, -5.39583, 0.00000
node, 84, -71.93485, -5.38960, 0.00000
node, 85, -68.04307, -10.73911, 0.00000
node, 86, -64.03406, -16.05382, 0.00000
node, 87, -59.82881, -21.31060, 0.00000
node, 88, -55.45896, -26.48917, 0.00000
node, 89, -50.97136, -31.61194, 0.00000
node, 90, -46.28697, -36.59691, 0.00000
node, 91, -41.55076, -41.54564, 0.00000
node, 92, -36.60230, -46.28213, 0.00000
node, 93, -31.61740, -50.96663, 0.00000
node, 94, -26.49503, -55.45472, 0.00000
node, 95, -21.31650, -59.82470, 0.00000
node, 96, -16.06010, -64.03045, 0.00000
node, 97, -10.74540, -68.03963, 0.00000
node, 98, -5.39622, -71.93192, 0.00000
node, 99, -5.39132, 71.93467, 0.00000
node, 100, -10.74086, 68.04261, 0.00000
node, 101, -16.05567, 64.03344, 0.00000
node, 102, -21.31246, 59.82792, 0.00000
node, 103, -26.49114, 55.45793, 0.00000
node, 104, -31.61392, 50.97007, 0.00000
node, 105, -36.59901, 46.28556, 0.00000
node, 106, -41.54783, 41.54920, 0.00000
node, 107, -46.28435, 36.60054, 0.00000
node, 108, -50.96898, 31.61555, 0.00000
node, 109, -55.45707, 26.49297, 0.00000
node, 110, -59.82718, 21.31437, 0.00000
node, 111, -64.03293, 16.05779, 0.00000
node, 112, -68.04224, 10.74304, 0.00000
node, 113, -71.93452, 5.39369, 0.00000
node, 114, 71.93473, 5.39140, 0.00000
node, 115, 68.04287, 10.74075, 0.00000
node, 116, 64.03378, 16.05530, 0.00000
node, 117, 59.82846, 21.31191, 0.00000
node, 118, 55.45857, 26.49033, 0.00000
node, 119, 50.97093, 31.61295, 0.00000
node, 120, 46.28652, 36.59778, 0.00000
node, 121, 41.55032, 41.54637, 0.00000
node, 122, 36.60186, 46.28273, 0.00000
node, 123, 31.61698, 50.96711, 0.00000
node, 124, 26.49465, 55.45509, 0.00000
node, 125, 21.31617, 59.82497, 0.00000
node, 126, 16.05984, 64.03063, 0.00000
node, 127, 10.74521, 68.03974, 0.00000
node, 128, 5.39612, 71.93196, 0.00000
node, 129, 93.23215, -0.00001, 0.00000
node, 130, 86.89976, -0.00003, 0.00000
node, 131, 81.00286, -0.00004, 0.00000
node, 132, -0.00011, -93.23215, 0.00000
node, 133, -0.00021, -86.89976, 0.00000
node, 134, -0.00030, -81.00286, 0.00000
node, 135, -93.23215, 0.00331, 0.00000
node, 136, -86.89977, 0.00285, 0.00000
node, 137, -81.00286, 0.00242, 0.00000
node, 138, 0.00011, 93.23215, 0.00000
node, 139, 0.00021, 86.89976, 0.00000
node, 140, 0.00030, 81.00286, 0.00000
node, 141, 63.09097, -63.09600, 0.00000
node, 142, 55.69169, -55.69636, 0.00000
node, 143, 48.51015, -48.51446, 0.00000
node, 144, 83.75567, -33.87093, 0.00000
node, 145, 75.45218, -29.57711, 0.00000
node, 146, 67.47530, -25.39216, 0.00000
node, 147, 89.99630, -17.24127, 0.00000
node, 148, 82.29642, -15.02142, 0.00000
node, 149, 74.97757, -12.85599, 0.00000
node, 150, 84.90836, -7.54789, 0.00000
node, 151, 92.00894, -8.66474, 0.00000
node, 152, 78.21603, -6.45825, 0.00000
node, 153, 79.15380, -22.38372, 0.00000
node, 154, 87.24611, -25.66823, 0.00000
node, 155, 71.41532, -19.18087, 0.00000
node, 156, 61.30063, -49.64120, 0.00000
node, 157, 66.51139, -43.26237, 0.00000
node, 158, 71.22361, -36.54726, 0.00000
node, 159, 74.69177, -49.33002, 0.00000
node, 160, 69.17700, -56.44666, 0.00000
node, 161, 79.55694, -41.77773, 0.00000
node, 162, 58.60319, -37.35801, 0.00000
node, 163, 53.66921, -43.02626, 0.00000
node, 164, 63.18967, -31.45287, 0.00000
node, 165, 33.86457, -83.75872, 0.00000
node, 166, 29.57143, -75.45537, 0.00000
node, 167, 25.38717, -67.47863, 0.00000
node, 168, 36.54174, -71.22716, 0.00000
node, 169, 43.25715, -66.51540, 0.00000
node, 170, 49.63622, -61.30495, 0.00000
node, 171, 49.32425, -74.69589, 0.00000
node, 172, 41.77162, -79.56051, 0.00000
node, 173, 56.44122, -69.18158, 0.00000
node, 174, 37.35337, -58.60709, 0.00000
node, 175, 31.44796, -63.19320, 0.00000
node, 176, 43.02173, -53.67327, 0.00000
node, 177, 17.23455, -89.99820, 0.00000
node, 178, 15.01544, -82.29872, 0.00000
node, 179, 12.85076, -74.98029, 0.00000
node, 180, 22.37782, -79.15649, 0.00000
node, 181, 25.66164, -87.24856, 0.00000
node, 182, 19.17567, -71.41825, 0.00000
node, 183, 7.54177, -84.91013, 0.00000
node, 184, 8.65789, -92.01020, 0.00000
node, 185, 6.45286, -78.21833, 0.00000
node, 186, -63.09713, -63.08981, 0.00000
node, 187, -55.69727, -55.69070, 0.00000
node, 188, -48.51515, -48.50931, 0.00000
node, 189, -33.87170, -83.75533, 0.00000
node, 190, -29.57777, -75.45185, 0.00000
node, 191, -25.39270, -67.47498, 0.00000
node, 192, -17.24173, -89.99620, 0.00000
node, 193, -15.02186, -82.29631, 0.00000
node, 194, -12.85641, -74.97745, 0.00000
node, 195, -7.54821, -84.90832, 0.00000
node, 196, -8.66503, -92.00891, 0.00000
node, 197, -6.45861, -78.21599, 0.00000
node, 198, -22.38429, -79.15361, 0.00000
node, 199, -25.66886, -87.24591, 0.00000
node, 200, -19.18137, -71.41512, 0.00000
node, 201, -49.64208, -61.29982, 0.00000
node, 202, -43.26318, -66.51076, 0.00000
node, 203, -36.54802, -71.22315, 0.00000
node, 204, -49.33103, -74.69106, 0.00000
node, 205, -56.44774, -69.17608, 0.00000
node, 206, -41.77864, -79.55644, 0.00000
node, 207, -37.35864, -58.60261, 0.00000
node, 208, -43.02693, -53.66850, 0.00000
node, 209, -31.45348, -63.18925, 0.00000
node, 210, -83.75963, -33.86234, 0.00000
node, 211, -75.45608, -29.56958, 0.00000
node, 212, -67.47914, -25.38567, 0.00000
node, 213, -71.22795, -36.54009, 0.00000
node, 214, -66.51628, -43.25574, 0.00000
node, 215, -61.30584, -49.63500, 0.00000
node, 216, -74.69699, -49.32257, 0.00000
node, 217, -79.56152, -41.76965, 0.00000
node, 218, -69.18270, -56.43980, 0.00000
node, 219, -58.60773, -37.35220, 0.00000
node, 220, -63.19376, -31.44660, 0.00000
node, 221, -53.67393, -43.02071, 0.00000
node, 222, -89.99873, -17.23179, 0.00000
node, 223, -82.29914, -15.01316, 0.00000
node, 224, -74.98059, -12.84893, 0.00000
node, 225, -79.15706, -22.37573, 0.00000
node, 226, -87.24929, -25.65912, 0.00000
node, 227, -71.41865, -19.17396, 0.00000
node, 228, -84.91034, -7.53927, 0.00000
node, 229, -92.01048, -8.65489, 0.00000
node, 230, -78.21847, -6.45084, 0.00000
node, 231, -63.09235, 63.09469, 0.00000
node, 232, -55.69310, 55.69511, 0.00000
node, 233, -48.51160, 48.51328, 0.00000
node, 234, -83.75703, 33.86849, 0.00000
node, 235, -75.45381, 29.57489, 0.00000
node, 236, -67.47719, 25.39019, 0.00000
node, 237, -89.99741, 17.23829, 0.00000
node, 238, -82.29798, 15.01874, 0.00000
node, 239, -74.97959, 12.85366, 0.00000
node, 240, -84.90981, 7.54499, 0.00000
node, 241, -92.00984, 8.66150, 0.00000
node, 242, -78.21804, 6.45572, 0.00000
node, 243, -79.15538, 22.38125, 0.00000
node, 244, -87.24735, 25.66550, 0.00000
node, 245, -71.41724, 19.17868, 0.00000
node, 246, -61.30210, 49.63969, 0.00000
node, 247, -66.51296, 43.26063, 0.00000
node, 248, -71.22520, 36.54526, 0.00000
node, 249, -74.69321, 49.32815, 0.00000
node, 250, -69.17842, 56.44507, 0.00000
node, 251, -79.55835, 41.77557, 0.00000
node, 252, -58.60488, 37.35643, 0.00000
node, 253, -53.67075, 43.02484, 0.00000
node, 254, -63.19144, 31.45106, 0.00000
node, 255, -33.86540, 83.75830, 0.00000
node, 256, -29.57222, 75.45489, 0.00000
node, 257, -25.38790, 67.47810, 0.00000
node, 258, -36.54270, 71.22651, 0.00000
node, 259, -43.25827, 66.51455, 0.00000
node, 260, -49.63748, 61.30389, 0.00000
node, 261, -49.32540, 74.69506, 0.00000
node, 262, -41.77262, 79.55990, 0.00000
node, 263, -56.44250, 69.18051, 0.00000
node, 264, -37.35444, 58.60622, 0.00000
node, 265, -31.44887, 63.19252, 0.00000
node, 266, -43.02298, 53.67224, 0.00000
node, 267, -17.23498, 89.99805, 0.00000
node, 268, -15.01583, 82.29853, 0.00000
node, 269, -12.85113, 74.98005, 0.00000
node, 270, -22.37841, 79.15618, 0.00000
node, 271, -25.66227, 87.24830, 0.00000
node, 272, -19.17621, 71.41790, 0.00000
node, 273, -7.54195, 84.91006, 0.00000
node, 274, -8.65810, 92.01015, 0.00000
node, 275, -6.45302, 78.21824, 0.00000
node, 276, 63.09600, 63.09098, 0.00000
node, 277, 55.69637, 55.69171, 0.00000
node, 278, 48.51448, 48.51017, 0.00000
node, 279, 33.87096, 83.75566, 0.00000
node, 280, 29.57717, 75.45216, 0.00000
node, 281, 25.39224, 67.47526, 0.00000
node, 282, 17.24133, 89.99630, 0.00000
node, 283, 15.02153, 82.29640, 0.00000
node, 284, 12.85616, 74.97755, 0.00000
node, 285, 7.54804, 84.90835, 0.00000
node, 286, 8.66482, 92.00893, 0.00000
node, 287, 6.45847, 78.21603, 0.00000
node, 288, 22.38382, 79.15379, 0.00000
node, 289, 25.66828, 87.24610, 0.00000
node, 290, 19.18100, 71.41530, 0.00000
node, 291, 49.64121, 61.30062, 0.00000
node, 292, 43.26238, 66.51137, 0.00000
node, 293, 36.54731, 71.22360, 0.00000
node, 294, 49.33003, 74.69176, 0.00000
node, 295, 56.44667, 69.17700, 0.00000
node, 296, 41.77776, 79.55694, 0.00000
node, 297, 37.35803, 58.60315, 0.00000
node, 298, 43.02628, 53.66920, 0.00000
node, 299, 31.45294, 63.18965, 0.00000
node, 300, 83.75872, 33.86461, 0.00000
node, 301, 75.45536, 29.57151, 0.00000
node, 302, 67.47861, 25.38728, 0.00000
node, 303, 71.22714, 36.54178, 0.00000
node, 304, 66.51540, 43.25719, 0.00000
node, 305, 61.30494, 49.63623, 0.00000
node, 306, 74.69589, 49.32427, 0.00000
node, 307, 79.56050, 41.77164, 0.00000
node, 308, 69.18157, 56.44123, 0.00000
node, 309, 58.60708, 37.35342, 0.00000
node, 310, 63.19316, 31.44801, 0.00000
node, 311, 53.67326, 43.02174, 0.00000
node, 312, 89.99819, 17.23461, 0.00000
node, 313, 82.29871, 15.01556, 0.00000
node, 314, 74.98027, 12.85094, 0.00000
node, 315, 79.15647, 22.37790, 0.00000
node, 316, 87.24855, 25.66167, 0.00000
node, 317, 71.41821, 19.17577, 0.00000
node, 318, 84.91011, 7.54189, 0.00000
node, 319, 92.01019, 8.65795, 0.00000
node, 320, 78.21830, 6.45304, 0.00000
node, 321, -36.57907, -36.57450, 0.00000
node, 322, -31.48581, -31.48191, 0.00000
node, 323, -26.35137, -26.34803, 0.00000
node, 324, -21.14775, -21.14509, 0.00000
node, 325, -15.90099, -15.89888, 0.00000
node, 326, -10.62318, -10.62178, 0.00000
node, 327, -5.31597, -5.31511, 0.00000
node, 328, -0.00096, -0.00068, 0.00000
node, 329, 5.31410, 5.31371, 0.00000
node, 330, 10.62130, 10.62038, 0.00000
node, 331, 15.89913, 15.89748, 0.00000
node, 332, 21.14587, 21.14370, 0.00000
node, 333, 26.34954, 26.34664, 0.00000
node, 334, 31.48395, 31.48054, 0.00000
node, 335, 36.57728, 36.57313, 0.00000
node, 336, 5.31345, -5.31553, 0.00000
node, 337, 10.62017, -10.62251, 0.00000
node, 338, 15.89725, -15.90018, 0.00000
node, 339, 21.14353, -21.14669, 0.00000
node, 340, 26.34645, -26.35019, 0.00000
node, 341, 31.48043, -31.48437, 0.00000
node, 342, 36.57302, -36.57750, 0.00000
node, 343, 15.89777, -26.28578, 0.00000
node, 344, 10.63775, -31.39506, 0.00000
node, 345, 5.32357, -36.39119, 0.00000
node, 346, -0.00303, -41.31297, 0.00000
node, 347, -5.34712, -46.13086, 0.00000
node, 348, -10.68562, -50.81607, 0.00000
node, 349, -16.02090, -55.42206, 0.00000
node, 350, -5.32927, -36.39089, 0.00000
node, 351, -10.64283, -31.39417, 0.00000
node, 352, -15.90247, -26.28460, 0.00000
node, 353, 5.32240, -26.28168, 0.00000
node, 354, -0.00199, -21.11540, 0.00000
node, 355, -5.31426, -15.87804, 0.00000
node, 356, 5.31071, -15.87835, 0.00000
node, 357, 10.61420, -21.10308, 0.00000
node, 358, -0.00155, -10.60343, 0.00000
node, 359, -5.32707, -26.28110, 0.00000
node, 360, -0.00266, -31.36803, 0.00000
node, 361, -10.61846, -21.10220, 0.00000
node, 362, -15.96568, -46.14237, 0.00000
node, 363, -21.21132, -41.37229, 0.00000
node, 364, -26.36126, -36.44759, 0.00000
node, 365, -15.94577, -36.43367, 0.00000
node, 366, -10.65822, -41.32502, 0.00000
node, 367, -21.15851, -31.40857, 0.00000
node, 368, -26.45467, -46.25066, 0.00000
node, 369, -21.26043, -50.88998, 0.00000
node, 370, -31.53233, -41.43582, 0.00000
node, 371, 16.01336, -55.42350, 0.00000
node, 372, 10.67864, -50.81695, 0.00000
node, 373, 5.34047, -46.13144, 0.00000
node, 374, 15.95899, -46.14354, 0.00000
node, 375, 21.20519, -41.37404, 0.00000
node, 376, 26.35545, -36.44963, 0.00000
node, 377, 26.44793, -46.25297, 0.00000
node, 378, 21.25315, -50.89171, 0.00000
node, 379, 31.52587, -41.43841, 0.00000
node, 380, 15.94004, -36.43512, 0.00000
node, 381, 10.65189, -41.32589, 0.00000
node, 382, 21.15313, -31.41032, 0.00000
node, 383, -5.37401, -64.00739, 0.00000
node, 384, -0.00389, -59.73087, 0.00000
node, 385, 5.35049, -55.35615, 0.00000
node, 386, 5.36573, -64.00797, 0.00000
node, 387, -0.00437, -68.10232, 0.00000
node, 388, 10.71061, -59.80592, 0.00000
node, 389, -5.35800, -55.35586, 0.00000
node, 390, -10.71865, -59.80506, 0.00000
node, 391, -0.00361, -50.81794, 0.00000
node, 392, 26.28492, 15.89801, 0.00000
node, 393, 31.39423, 10.63813, 0.00000
node, 394, 36.39033, 5.32402, 0.00000
node, 395, 41.31216, -0.00242, 0.00000
node, 396, 46.13002, -5.34644, 0.00000
node, 397, 50.81529, -10.68477, 0.00000
node, 398, 55.42126, -16.01998, 0.00000
node, 399, 36.38987, -5.32852, 0.00000
node, 400, 31.39300, -10.64201, 0.00000
node, 401, 26.28323, -15.90153, 0.00000
node, 402, 26.27987, -5.32646, 0.00000
node, 403, 21.11420, -0.00148, 0.00000
node, 404, 15.87711, 5.31102, 0.00000
node, 405, 26.28063, 5.32290, 0.00000
node, 406, 31.36695, -0.00209, 0.00000
node, 407, 21.10200, 10.61452, 0.00000
node, 408, 15.87664, -5.31366, 0.00000
node, 409, 21.10076, -10.61774, 0.00000
node, 410, 10.60197, -0.00116, 0.00000
node, 411, 46.14140, -15.96466, 0.00000
node, 412, 41.37118, -21.21018, 0.00000
node, 413, 36.44628, -26.35997, 0.00000
node, 414, 36.43248, -15.94485, 0.00000
node, 415, 41.32397, -10.65739, 0.00000
node, 416, 31.40719, -21.15746, 0.00000
node, 417, 46.24954, -26.45344, 0.00000
node, 418, 50.88900, -21.25933, 0.00000
node, 419, 41.43452, -31.53092, 0.00000
node, 420, 55.42324, 16.01365, 0.00000
node, 421, 50.81651, 10.67902, 0.00000
node, 422, 46.13079, 5.34100, 0.00000
node, 423, 46.14307, 15.95925, 0.00000
node, 424, 41.37361, 21.20543, 0.00000
node, 425, 36.44917, 26.35559, 0.00000
node, 426, 46.25272, 26.44812, 0.00000
node, 427, 50.89142, 21.25335, 0.00000
node, 428, 41.43815, 31.52598, 0.00000
node, 429, 36.43446, 15.94039, 0.00000
node, 430, 41.32519, 10.65229, 0.00000
node, 431, 31.40963, 21.15336, 0.00000
node, 432, 64.00696, -5.37343, 0.00000
node, 433, 59.73046, -0.00334, 0.00000
node, 434, 55.35569, 5.35090, 0.00000
node, 435, 64.00773, 5.36615, 0.00000
node, 436, 68.10206, -0.00394, 0.00000
node, 437, 59.80564, 10.71091, 0.00000
node, 438, 55.35524, -5.35727, 0.00000
node, 439, 59.80443, -10.71787, 0.00000
node, 440, 50.81726, -0.00303, 0.00000
node, 441, -36.57460, 36.57634, 0.00000
node, 442, -31.48210, 31.48316, 0.00000
node, 443, -26.34821, 26.34894, 0.00000
node, 444, -21.14534, 21.14541, 0.00000
node, 445, -15.89911, 15.89887, 0.00000
node, 446, -10.62207, 10.62117, 0.00000
node, 447, -5.31537, 5.31418, 0.00000
node, 448, -55.42344, 16.01830, 0.00000
node, 449, -50.81747, 10.68311, 0.00000
node, 450, -46.13218, 5.34481, 0.00000
node, 451, -41.31429, 0.00082, 0.00000
node, 452, -36.39242, -5.32557, 0.00000
node, 453, -31.39627, -10.63965, 0.00000
node, 454, -26.28688, -15.89946, 0.00000
node, 455, -46.13295, -5.34269, 0.00000
node, 456, -50.81880, -10.68074, 0.00000
node, 457, -55.42554, -16.01545, 0.00000
node, 458, -55.35804, -5.35269, 0.00000
node, 459, -59.73287, 0.00149, 0.00000
node, 460, -64.00941, 5.37152, 0.00000
node, 461, -55.35748, 5.35548, 0.00000
node, 462, -50.81947, 0.00129, 0.00000
node, 463, -59.80669, 10.71604, 0.00000
node, 464, -64.01018, -5.36812, 0.00000
node, 465, -59.80802, -10.71280, 0.00000
node, 466, -68.10458, 0.00189, 0.00000
node, 467, -36.45115, -26.35706, 0.00000
node, 468, -41.37571, -21.20700, 0.00000
node, 469, -46.14526, -15.96090, 0.00000
node, 470, -36.43649, -15.94195, 0.00000
node, 471, -31.41157, -21.15484, 0.00000
node, 472, -41.32730, -10.65391, 0.00000
node, 473, -46.25480, -26.44972, 0.00000
node, 474, -41.44009, -31.52748, 0.00000
node, 475, -50.89361, -21.25505, 0.00000
node, 476, -26.28507, 15.90012, 0.00000
node, 477, -31.39497, 10.64054, 0.00000
node, 478, -36.39188, 5.32696, 0.00000
node, 479, -36.44803, 26.35860, 0.00000
node, 480, -41.37310, 21.20873, 0.00000
node, 481, -46.14340, 15.96307, 0.00000
node, 482, -46.25142, 26.45200, 0.00000
node, 483, -41.43620, 31.52958, 0.00000
node, 484, -50.89098, 21.25773, 0.00000
node, 485, -36.43443, 15.94339, 0.00000
node, 486, -31.40899, 21.15606, 0.00000
node, 487, -41.32599, 10.65581, 0.00000
node, 488, -15.87903, -5.31246, 0.00000
node, 489, -21.11616, 0.00003, 0.00000
node, 490, -26.28183, 5.32500, 0.00000
node, 491, -15.87852, 5.31223, 0.00000
node, 492, -10.60385, -0.00026, 0.00000
node, 493, -21.10264, 10.61632, 0.00000
node, 494, -26.28260, -5.32439, 0.00000
node, 495, -21.10391, -10.61597, 0.00000
node, 496, -31.36895, 0.00056, 0.00000
node, 497, 16.01983, 55.42123, 0.00000
node, 498, 10.68443, 50.81517, 0.00000
node, 499, 5.34585, 46.12989, 0.00000
node, 500, 0.00165, 41.31192, 0.00000
node, 501, -5.32503, 36.39007, 0.00000
node, 502, -10.63931, 31.39385, 0.00000
node, 503, -15.89943, 26.28452, 0.00000
node, 504, -5.34170, 46.13048, 0.00000
node, 505, -10.67970, 50.81612, 0.00000
node, 506, -16.01424, 55.42278, 0.00000
node, 507, -5.35140, 55.35545, 0.00000
node, 508, 0.00310, 59.73026, 0.00000
node, 509, 5.37338, 64.00691, 0.00000
node, 510, 5.35700, 55.35509, 0.00000
node, 511, 0.00251, 50.81709, 0.00000
node, 512, 10.71780, 59.80439, 0.00000
node, 513, -5.36630, 64.00751, 0.00000
node, 514, -10.71132, 59.80536, 0.00000
node, 515, 0.00398, 68.10201, 0.00000
node, 516, -26.35692, 36.44848, 0.00000
node, 517, -21.20652, 41.37299, 0.00000
node, 518, -15.96018, 46.14262, 0.00000
node, 519, -15.94150, 36.43398, 0.00000
node, 520, -21.15471, 31.40911, 0.00000
node, 521, -10.65323, 41.32486, 0.00000
node, 522, -26.44912, 46.25200, 0.00000
node, 523, -31.52724, 41.43733, 0.00000
node, 524, -21.25419, 50.89089, 0.00000
node, 525, 15.90070, 26.28328, 0.00000
node, 526, 10.64117, 31.39293, 0.00000
node, 527, 5.32774, 36.38974, 0.00000
node, 528, 26.35955, 36.44631, 0.00000
node, 529, 21.20976, 41.37113, 0.00000
node, 530, 15.96430, 46.14133, 0.00000
node, 531, 26.45321, 46.24954, 0.00000
node, 532, 31.53070, 41.43456, 0.00000
node, 533, 21.25916, 50.88900, 0.00000
node, 534, 15.94419, 36.43247, 0.00000
node, 535, 21.15680, 31.40727, 0.00000
node, 536, 10.65679, 41.32392, 0.00000
node, 537, 5.31244, 15.87668, 0.00000
node, 538, 0.00024, 21.11408, 0.00000
node, 539, -5.32407, 26.28041, 0.00000
node, 540, 5.32538, 26.27982, 0.00000
node, 541, 10.61668, 21.10085, 0.00000
node, 542, 0.00107, 31.36682, 0.00000
node, 543, -5.31250, 15.87700, 0.00000
node, 544, -0.00029, 10.60204, 0.00000
node, 545, -10.61593, 21.10177, 0.00000
tria, 1, 150, 147, 148
tria, 2, 150, 151, 147
tria, 3, 151, 3, 147
tria, 4, 151, 2, 3
tria, 5, 130, 151, 150
tria, 6, 130, 129, 151
tria, 7, 129, 2, 151
tria, 8, 129, 1, 2
tria, 9, 83, 149, 82
tria, 10, 83, 152, 149
tria, 11, 152, 148, 149
tria, 12, 152, 150, 148
tria, 13, 65, 152, 83
tria, 14, 65, 131, 152
tria, 15, 131, 150, 152
tria, 16, 131, 130, 150
tria, 17, 144, 154, 4
tria, 18, 5, 144, 4
tria, 19, 154, 147, 3
tria, 20, 4, 154, 3
tria, 21, 144, 153, 154
tria, 22, 144, 145, 153
tria, 23, 154, 148, 147
tria, 24, 154, 153, 148
tria, 25, 145, 155, 153
tria, 26, 145, 146, 155
tria, 27, 153, 149, 148
tria, 28, 153, 155, 149
tria, 29, 146, 81, 155
tria, 30, 146, 80, 81
tria, 31, 155, 82, 149
tria, 32, 155, 81, 82
tria, 33, 157, 160, 156
tria, 34, 157, 159, 160
tria, 35, 160, 141, 142
tria, 36, 156, 160, 142
tria, 37, 7, 8, 160
tria, 38, 159, 7, 160
tria, 39, 8, 9, 141
tria, 40, 160, 8, 141
tria, 41, 145, 161, 158
tria, 42, 145, 144, 161
tria, 43, 158, 159, 157
tria, 44, 158, 161, 159
tria, 45, 5, 6, 161
tria, 46, 144, 5, 161
tria, 47, 6, 7, 159
tria, 48, 161, 6, 159
tria, 49, 78, 163, 77
tria, 50, 78, 162, 163
tria, 51, 77, 143, 76
tria, 52, 77, 163, 143
tria, 53, 162, 156, 163
tria, 54, 162, 157, 156
tria, 55, 163, 142, 143
tria, 56, 163, 156, 142
tria, 57, 80, 164, 79
tria, 58, 80, 146, 164
tria, 59, 79, 162, 78
tria, 60, 79, 164, 162
tria, 61, 146, 158, 164
tria, 62, 146, 145, 158
tria, 63, 164, 157, 162
tria, 64, 164, 158, 157
tria, 65, 171, 172, 168
tria, 66, 169, 171, 168
tria, 67, 172, 165, 166
tria, 68, 168, 172, 166
tria, 69, 171, 12, 172
tria, 70, 171, 11, 12
tria, 71, 172, 13, 165
tria, 72, 172, 12, 13
tria, 73, 142, 173, 170
tria, 74, 142, 141, 173
tria, 75, 173, 171, 169
tria, 76, 170, 173, 169
tria, 77, 141, 10, 173
tria, 78, 141, 9, 10
tria, 79, 173, 11, 171
tria, 80, 173, 10, 11
tria, 81, 174, 175, 73
tria, 82, 74, 174, 73
tria, 83, 175, 167, 72
tria, 84, 73, 175, 72
tria, 85, 169, 168, 175
tria, 86, 174, 169, 175
tria, 87, 168, 166, 167
tria, 88, 175, 168, 167
tria, 89, 143, 176, 75
tria, 90, 76, 143, 75
tria, 91, 176, 174, 74
tria, 92, 75, 176, 74
tria, 93, 142, 170, 176
tria, 94, 143, 142, 176
tria, 95, 170, 169, 174
tria, 96, 176, 170, 174
tria, 97, 15, 181, 14
tria, 98, 15, 177, 181
tria, 99, 14, 165, 13
tria, 100, 14, 181, 165
tria, 101, 178, 180, 181
tria, 102, 177, 178, 181
tria, 103, 180, 166, 165
tria, 104, 181, 180, 165
tria, 105, 179, 182, 180
tria, 106, 178, 179, 180
tria, 107, 182, 167, 166
tria, 108, 180, 182, 166
tria, 109, 70, 71, 182
tria, 110, 179, 70, 182
tria, 111, 71, 72, 167
tria, 112, 182, 71, 167
tria, 113, 184, 132, 133
tria, 114, 183, 184, 133
tria, 115, 16, 17, 132
tria, 116, 184, 16, 132
tria, 117, 177, 184, 183
tria, 118, 178, 177, 183
tria, 119, 15, 16, 184
tria, 120, 177, 15, 184
tria, 121, 185, 134, 66
tria, 122, 69, 185, 66
tria, 123, 183, 133, 134
tria, 124, 185, 183, 134
tria, 125, 179, 185, 69
tria, 126, 70, 179, 69
tria, 127, 178, 183, 185
tria, 128, 179, 178, 185
tria, 129, 195, 192, 193
tria, 130, 195, 196, 192
tria, 131, 196, 19, 192
tria, 132, 196, 18, 19
tria, 133, 133, 196, 195
tria, 134, 133, 132, 196
tria, 135, 132, 18, 196
tria, 136, 132, 17, 18
tria, 137, 98, 194, 97
tria, 138, 98, 197, 194
tria, 139, 197, 193, 194
tria, 140, 197, 195, 193
tria, 141, 66, 197, 98
tria, 142, 66, 134, 197
tria, 143, 134, 195, 197
tria, 144, 134, 133, 195
tria, 145, 189, 199, 20
tria, 146, 21, 189, 20
tria, 147, 199, 192, 19
tria, 148, 20, 199, 19
tria, 149, 189, 198, 199
tria, 150, 189, 190, 198
tria, 151, 199, 193, 192
tria, 152, 199, 198, 193
tria, 153, 190, 200, 198
tria, 154, 190, 191, 200
tria, 155, 198, 194, 193
tria, 156, 198, 200, 194
tria, 157, 191, 96, 200
tria, 158, 191, 95, 96
tria, 159, 200, 97, 194
tria, 160, 200, 96, 97
tria, 161, 202, 205, 201
tria, 162, 202, 204, 205
tria, 163, 205, 186, 187
tria, 164, 201, 205, 187
tria, 165, 23, 24, 205
tria, 166, 204, 23, 205
tria, 167, 24, 25, 186
tria, 168, 205, 24, 186
tria, 169, 190, 206, 203
tria, 170, 190, 189, 206
tria, 171, 203, 204, 202
tria, 172, 203, 206, 204
tria, 173, 21, 22, 206
tria, 174, 189, 21, 206
tria, 175, 22, 23, 204
tria, 176, 206, 22, 204
tria, 177, 93, 208, 92
tria, 178, 93, 207, 208
tria, 179, 92, 188, 91
tria, 180, 92, 208, 188
tria, 181, 207, 201, 208
tria, 182, 207, 202, 201
tria, 183, 208, 187, 188
tria, 184, 208, 201, 187
tria, 185, 95, 209, 94
tria, 186, 95, 191, 209
tria, 187, 94, 207, 93
tria, 188, 94, 209, 207
tria, 189, 191, 203, 209
tria, 190, 191, 190, 203
tria, 191, 209, 202, 207
tria, 192, 209, 203, 202
tria, 193, 216, 217, 213
tria, 194, 214, 216, 213
tria, 195, 217, 210, 211
tria, 196, 213, 217, 211
tria, 197, 216, 28, 217
tria, 198, 216, 27, 28
tria, 199, 217, 29, 210
tria, 200, 217, 28, 29
tria, 201, 187, 218, 215
tria, 202, 187, 186, 218
tria, 203, 218, 216, 214
tria, 204, 215, 218, 214
tria, 205, 186, 26, 218
tria, 206, 186, 25, 26
tria, 207, 218, 27, 216
tria, 208, 218, 26, 27
tria, 209, 219, 220, 88
tria, 210, 89, 219, 88
tria, 211, 220, 212, 87
tria, 212, 88, 220, 87
tria, 213, 214, 213, 220
tria, 214, 219, 214, 220
tria, 215, 213, 211, 212
tria, 216, 220, 213, 212
tria, 217, 188, 221, 90
tria, 218, 91, 188, 90
tria, 219, 221, 219, 89
tria, 220, 90, 221, 89
tria, 221, 187, 215, 221
tria, 222, 188, 187, 221
tria, 223, 215, 214, 219
tria, 224, 221, 215, 219
tria, 225, 31, 226, 30
tria, 226, 31, 222, 226
tria, 227, 30, 210, 29
tria, 228, 30, 226, 210
tria, 229, 223, 225, 226
tria, 230, 222, 223, 226
tria, 231, 225, 211, 210
tria, 232, 226, 225, 210
tria, 233, 224, 227, 225
tria, 234, 223, 224, 225
tria, 235, 227, 212, 211
tria, 236, 225, 227, 211
tria, 237, 85, 86, 227
tria, 238, 224, 85, 227
tria, 239, 86, 87, 212
tria, 240, 227, 86, 212
tria, 241, 229, 135, 136
tria, 242, 228, 229, 136
tria, 243, 32, 33, 135
tria, 244, 229, 32, 135
tria, 245, 222, 229, 228
tria, 246, 223, 222, 228
tria, 247, 31, 32, 229
tria, 248, 222, 31, 229
tria, 249, 230, 137, 67
tria, 250, 84, 230, 67
tria, 251, 228, 136, 137
tria, 252, 230, 228, 137
tria, 253, 224, 230, 84
tria, 254, 85, 224, 84
tria, 255, 223, 228, 230
tria, 256, 224, 223, 230
tria, 257, 240, 237, 238
tria, 258, 240, 241, 237
tria, 259, 241, 35, 237
tria, 260, 241, 34, 35
tria, 261, 136, 241, 240
tria, 262, 136, 135, 241
tria, 263, 135, 34, 241
tria, 264, 135, 33, 34
tria, 265, 113, 239, 112
tria, 266, 113, 242, 239
tria, 267, 242, 238, 239
tria, 268, 242, 240, 238
tria, 269, 67, 242, 113
tria, 270, 67, 137, 242
tria, 271, 137, 240, 242
tria, 272, 137, 136, 240
tria, 273, 234, 244, 36
tria, 274, 37, 234, 36
tria, 275, 244, 237, 35
tria, 276, 36, 244, 35
tria, 277, 234, 243, 244
tria, 278, 234, 235, 243
tria, 279, 244, 238, 237
tria, 280, 244, 243, 238
tria, 281, 235, 245, 243
tria, 282, 235, 236, 245
tria, 283, 243, 239, 238
tria, 284, 243, 245, 239
tria, 285, 236, 111, 245
tria, 286, 236, 110, 111
tria, 287, 245, 112, 239
tria, 288, 245, 111, 112
tria, 289, 247, 250, 246
tria, 290, 247, 249, 250
tria, 291, 250, 231, 232
tria, 292, 246, 250, 232
tria, 293, 39, 40, 250
tria, 294, 249, 39, 250
tria, 295, 40, 41, 231
tria, 296, 250, 40, 231
tria, 297, 235, 251, 248
tria, 298, 235, 234, 251
tria, 299, 248, 249, 247
tria, 300, 248, 251, 249
tria, 301, 37, 38, 251
tria, 302, 234, 37, 251
tria, 303, 38, 39, 249
tria, 304, 251, 38, 249
tria, 305, 108, 253, 107
tria, 306, 108, 252, 253
tria, 307, 107, 233, 106
tria, 308, 107, 253, 233
tria, 309, 252, 246, 253
tria, 310, 252, 247, 246
tria, 311, 253, 232, 233
tria, 312, 253, 246, 232
tria, 313, 110, 254, 109
tria, 314, 110, 236, 254
tria, 315, 109, 252, 108
tria, 316, 109, 254, 252
tria, 317, 236, 248, 254
tria, 318, 236, 235, 248
tria, 319, 254, 247, 252
tria, 320, 254, 248, 247
tria, 321, 261, 262, 258
tria, 322, 259, 261, 258
tria, 323, 262, 255, 256
tria, 324, 258, 262, 256
tria, 325, 261, 44, 262
tria, 326, 261, 43, 44
tria, 327, 262, 45, 255
tria, 328, 262, 44, 45
tria, 329, 232, 263, 260
tria, 330, 232, 231, 263
tria, 331, 263, 261, 259
tria, 332, 260, 263, 259
tria, 333, 231, 42, 263
tria, 334, 231, 41, 42
tria, 335, 263, 43, 261
tria, 336, 263, 42, 43
tria, 337, 264, 265, 103
tria, 338, 104, 264, 103
tria, 339, 265, 257, 102
tria, 340, 103, 265, 102
tria, 341, 259, 258, 265
tria, 342, 264, 259, 265
tria, 343, 258, 256, 257
tria, 344, 265, 258, 257
tria, 345, 233, 266, 105
tria, 346, 106, 233, 105
tria, 347, 266, 264, 104
tria, 348, 105, 266, 104
tria, 349, 232, 260, 266
tria, 350, 233, 232, 266
tria, 351, 260, 259, 264
tria, 352, 266, 260, 264
tria, 353, 47, 271, 46
tria, 354, 47, 267, 271
tria, 355, 46, 255, 45
tria, 356, 46, 271, 255
tria, 357, 268, 270, 271
tria, 358, 267, 268, 271
tria, 359, 270, 256, 255
tria, 360, 271, 270, 255
tria, 361, 269, 272, 270
tria, 362, 268, 269, 270
tria, 363, 272, 257, 256
tria, 364, 270, 272, 256
tria, 365, 100, 101, 272
tria, 366, 269, 100, 272
tria, 367, 101, 102, 257
tria, 368, 272, 101, 257
tria, 369, 274, 138, 139
tria, 370, 273, 274, 139
tria, 371, 48, 49, 138
tria, 372, 274, 48, 138
tria, 373, 267, 274, 273
tria, 374, 268, 267, 273
tria, 375, 47, 48, 274
tria, 376, 267, 47, 274
tria, 377, 275, 140, 68
tria, 378, 99, 275, 68
tria, 379, 273, 139, 140
tria, 380, 275, 273, 140
tria, 381, 269, 275, 99
tria, 382, 100, 269, 99
tria, 383, 268, 273, 275
tria, 384, 269, 268, 275
tria, 385, 285, 282, 283
tria, 386, 285, 286, 282
tria, 387, 286, 51, 282
tria, 388, 286, 50, 51
tria, 389, 139, 286, 285
tria, 390, 139, 138, 286
tria, 391, 138, 50, 286
tria, 392, 138, 49, 50
tria, 393, 128, 284, 127
tria, 394, 128, 287, 284
tria, 395, 287, 283, 284
tria, 396, 287, 285, 283
tria, 397, 68, 287, 128
tria, 398, 68, 140, 287
tria, 399, 140, 285, 287
tria, 400, 140, 139, 285
tria, 401, 279, 289, 52
tria, 402, 53, 279, 52
tria, 403, 289, 282, 51
tria, 404, 52, 289, 51
tria, 405, 279, 288, 289
tria, 406, 279, 280, 288
tria, 407, 289, 283, 282
tria, 408, 289, 288, 283
tria, 409, 280, 290, 288
tria, 410, 280, 281, 290
tria, 411, 288, 284, 283
tria, 412, 288, 290, 284
tria, 413, 281, 126, 290
tria, 414, 281, 125, 126
tria, 415, 290, 127, 284
tria, 416, 290, 126, 127
tria, 417, 292, 295, 291
tria, 418, 292, 294, 295
tria, 419, 295, 276, 277
tria, 420, 291, 295, 277
tria, 421, 55, 56, 295
tria, 422, 294, 55, 295
tria, 423, 56, 57, 276
tria, 424, 295, 56, 276
tria, 425, 280, 296, 293
tria, 426, 280, 279, 296
tria, 427, 293, 294, 292
tria, 428, 293, 296, 294
tria, 429, 53, 54, 296
tria, 430, 279, 53, 296
tria, 431, 54, 55, 294
tria, 432, 296, 54, 294
tria, 433, 123, 298, 122
tria, 434, 123, 297, 298
tria, 435, 122, 278, 121
tria, 436, 122, 298, 278
tria, 437, 297, 291, 298
tria, 438, 297, 292, 291
tria, 439, 298, 277, 278
tria, 440, 298, 291, 277
tria, 441, 125, 299, 124
tria, 442, 125, 281, 299
tria, 443, 124, 297, 123
tria, 444, 124, 299, 297
tria, 445, 281, 293, 299
tria, 446, 281, 280, 293
tria, 447, 299, 292, 297
tria, 448, 299, 293, 292
tria, 449, 306, 307, 303
tria, 450, 304, 306, 303
tria, 451, 307, 300, 301
tria, 452, 303, 307, 301
tria, 453, 306, 60, 307
tria, 454, 306, 59, 60
tria, 455, 307, 61, 300
tria, 456, 307, 60, 61
tria, 457, 277, 308, 305
tria, 458, 277, 276, 308
tria, 459, 308, 306, 304
tria, 460, 305, 308, 304
tria, 461, 276, 58, 308
tria, 462, 276, 57, 58
tria, 463, 308, 59, 306
tria, 464, 308, 58, 59
tria, 465, 309, 310, 118
tria, 466, 119, 309, 118
tria, 467, 310, 302, 117
tria, 468, 118, 310, 117
tria, 469, 304, 303, 310
tria, 470, 309, 304, 310
tria, 471, 303, 301, 302
tria, 472, 310, 303, 302
tria, 473, 278, 311, 120
tria, 474, 121, 278, 120
tria, 475, 311, 309, 119
tria, 476, 120, 311, 119
tria, 477, 277, 305, 311
tria, 478, 278, 277, 311
tria, 479, 305, 304, 309
tria, 480, 311, 305, 309
tria, 481, 63, 316, 62
tria, 482, 63, 312, 316
tria, 483, 62, 300, 61
tria, 484, 62, 316, 300
tria, 485, 313, 315, 316
tria, 486, 312, 313, 316
tria, 487, 315, 301, 300
tria, 488, 316, 315, 300
tria, 489, 314, 317, 315
tria, 490, 313, 314, 315
tria, 491, 317, 302, 301
tria, 492, 315, 317, 301
tria, 493, 115, 116, 317
tria, 494, 314, 115, 317
tria, 495, 116, 117, 302
tria, 496, 317, 116, 302
tria, 497, 319, 129, 130
tria, 498, 318, 319, 130
tria, 499, 64, 1, 129
tria, 500, 319, 64, 129
tria, 501, 312, 319, 318
tria, 502, 313, 312, 318
tria, 503, 63, 64, 319
tria, 504, 312, 63, 319
tria, 505, 320, 131, 65
tria, 506, 114, 320, 65
tria, 507, 318, 130, 131
tria, 508, 320, 318, 131
tria, 509, 314, 320, 114
tria, 510, 115, 314, 114
tria, 511, 313, 318, 320
tria, 512, 314, 313, 320
tria, 513, 357, 343, 344
tria, 514, 353, 357, 344
tria, 515, 338, 339, 343
tria, 516, 357, 338, 343
tria, 517, 356, 357, 353
tria, 518, 354, 356, 353
tria, 519, 337, 338, 357
tria, 520, 356, 337, 357
tria, 521, 327, 358, 355
tria, 522, 326, 327, 355
tria, 523, 358, 356, 354
tria, 524, 355, 358, 354
tria, 525, 328, 336, 358
tria, 526, 327, 328, 358
tria, 527, 336, 337, 356
tria, 528, 358, 336, 356
tria, 529, 359, 360, 350
tria, 530, 351, 359, 350
tria, 531, 360, 345, 346
tria, 532, 350, 360, 346
tria, 533, 354, 353, 360
tria, 534, 359, 354, 360
tria, 535, 353, 344, 345
tria, 536, 360, 353, 345
tria, 537, 325, 361, 352
tria, 538, 324, 325, 352
tria, 539, 361, 359, 351
tria, 540, 352, 361, 351
tria, 541, 326, 355, 361
tria, 542, 325, 326, 361
tria, 543, 355, 354, 359
tria, 544, 361, 355, 359
tria, 545, 365, 366, 362
tria, 546, 363, 365, 362
tria, 547, 366, 347, 348
tria, 548, 362, 366, 348
tria, 549, 351, 350, 366
tria, 550, 365, 351, 366
tria, 551, 350, 346, 347
tria, 552, 366, 350, 347
tria, 553, 323, 367, 364
tria, 554, 322, 323, 364
tria, 555, 367, 365, 363
tria, 556, 364, 367, 363
tria, 557, 324, 352, 367
tria, 558, 323, 324, 367
tria, 559, 352, 351, 365
tria, 560, 367, 352, 365
tria, 561, 368, 369, 94
tria, 562, 93, 368, 94
tria, 563, 369, 349, 95
tria, 564, 94, 369, 95
tria, 565, 363, 362, 369
tria, 566, 368, 363, 369
tria, 567, 362, 348, 349
tria, 568, 369, 362, 349
tria, 569, 321, 370, 92
tria, 570, 91, 321, 92
tria, 571, 370, 368, 93
tria, 572, 92, 370, 93
tria, 573, 322, 364, 370
tria, 574, 321, 322, 370
tria, 575, 364, 363, 368
tria, 576, 370, 364, 368
tria, 577, 378, 374, 375
tria, 578, 377, 378, 375
tria, 579, 371, 372, 374
tria, 580, 378, 371, 374
tria, 581, 73, 378, 377
tria, 582, 74, 73, 377
tria, 583, 72, 371, 378
tria, 584, 73, 72, 378
tria, 585, 379, 376, 341
tria, 586, 342, 379, 341
tria, 587, 377, 375, 376
tria, 588, 379, 377, 376
tria, 589, 75, 379, 342
tria, 590, 76, 75, 342
tria, 591, 74, 377, 379
tria, 592, 75, 74, 379
tria, 593, 381, 345, 344
tria, 594, 380, 381, 344
tria, 595, 373, 346, 345
tria, 596, 381, 373, 345
tria, 597, 374, 381, 380
tria, 598, 375, 374, 380
tria, 599, 372, 373, 381
tria, 600, 374, 372, 381
tria, 601, 382, 343, 339
tria, 602, 340, 382, 339
tria, 603, 380, 344, 343
tria, 604, 382, 380, 343
tria, 605, 376, 382, 340
tria, 606, 341, 376, 340
tria, 607, 375, 380, 382
tria, 608, 376, 375, 382
tria, 609, 387, 383, 384
tria, 610, 386, 387, 384
tria, 611, 98, 97, 383
tria, 612, 387, 98, 383
tria, 613, 69, 387, 386
tria, 614, 70, 69, 386
tria, 615, 66, 98, 387
tria, 616, 69, 66, 387
tria, 617, 388, 385, 372
tria, 618, 371, 388, 372
tria, 619, 386, 384, 385
tria, 620, 388, 386, 385
tria, 621, 71, 388, 371
tria, 622, 72, 71, 371
tria, 623, 70, 386, 388
tria, 624, 71, 70, 388
tria, 625, 349, 390, 96
tria, 626, 95, 349, 96
tria, 627, 390, 383, 97
tria, 628, 96, 390, 97
tria, 629, 348, 389, 390
tria, 630, 349, 348, 390
tria, 631, 389, 384, 383
tria, 632, 390, 389, 383
tria, 633, 347, 391, 389
tria, 634, 348, 347, 389
tria, 635, 391, 385, 384
tria, 636, 389, 391, 384
tria, 637, 346, 373, 391
tria, 638, 347, 346, 391
tria, 639, 373, 372, 385
tria, 640, 391, 373, 385
tria, 641, 403, 406, 402
tria, 642, 403, 405, 406
tria, 643, 402, 399, 400
tria, 644, 402, 406, 399
tria, 645, 405, 394, 406
tria, 646, 405, 393, 394
tria, 647, 406, 395, 399
tria, 648, 406, 394, 395
tria, 649, 330, 407, 404
tria, 650, 330, 331, 407
tria, 651, 404, 405, 403
tria, 652, 404, 407, 405
tria, 653, 331, 392, 407
tria, 654, 331, 332, 392
tria, 655, 407, 393, 405
tria, 656, 407, 392, 393
tria, 657, 338, 401, 339
tria, 658, 338, 409, 401
tria, 659, 409, 400, 401
tria, 660, 409, 402, 400
tria, 661, 337, 409, 338
tria, 662, 337, 408, 409
tria, 663, 408, 402, 409
tria, 664, 408, 403, 402
tria, 665, 328, 410, 336
tria, 666, 328, 329, 410
tria, 667, 336, 408, 337
tria, 668, 336, 410, 408
tria, 669, 329, 404, 410
tria, 670, 329, 330, 404
tria, 671, 410, 403, 408
tria, 672, 410, 404, 403
tria, 673, 414, 411, 412
tria, 674, 414, 415, 411
tria, 675, 415, 397, 411
tria, 676, 415, 396, 397
tria, 677, 400, 415, 414
tria, 678, 400, 399, 415
tria, 679, 399, 396, 415
tria, 680, 399, 395, 396
tria, 681, 340, 413, 341
tria, 682, 340, 416, 413
tria, 683, 416, 412, 413
tria, 684, 416, 414, 412
tria, 685, 339, 416, 340
tria, 686, 339, 401, 416
tria, 687, 401, 414, 416
tria, 688, 401, 400, 414
tria, 689, 417, 79, 78
tria, 690, 417, 418, 79
tria, 691, 418, 80, 79
tria, 692, 418, 398, 80
tria, 693, 412, 418, 417
tria, 694, 412, 411, 418
tria, 695, 411, 398, 418
tria, 696, 411, 397, 398
tria, 697, 342, 77, 76
tria, 698, 342, 419, 77
tria, 699, 419, 78, 77
tria, 700, 419, 417, 78
tria, 701, 341, 419, 342
tria, 702, 341, 413, 419
tria, 703, 413, 417, 419
tria, 704, 413, 412, 417
tria, 705, 424, 427, 423
tria, 706, 424, 426, 427
tria, 707, 423, 420, 421
tria, 708, 423, 427, 420
tria, 709, 426, 118, 427
tria, 710, 426, 119, 118
tria, 711, 427, 117, 420
tria, 712, 427, 118, 117
tria, 713, 334, 428, 425
tria, 714, 334, 335, 428
tria, 715, 425, 426, 424
tria, 716, 425, 428, 426
tria, 717, 335, 120, 428
tria, 718, 335, 121, 120
tria, 719, 428, 119, 426
tria, 720, 428, 120, 119
tria, 721, 393, 430, 394
tria, 722, 393, 429, 430
tria, 723, 394, 422, 395
tria, 724, 394, 430, 422
tria, 725, 429, 423, 430
tria, 726, 429, 424, 423
tria, 727, 430, 421, 422
tria, 728, 430, 423, 421
tria, 729, 332, 431, 392
tria, 730, 332, 333, 431
tria, 731, 392, 429, 393
tria, 732, 392, 431, 429
tria, 733, 333, 425, 431
tria, 734, 333, 334, 425
tria, 735, 431, 424, 429
tria, 736, 431, 425, 424
tria, 737, 433, 436, 432
tria, 738, 433, 435, 436
tria, 739, 432, 83, 82
tria, 740, 432, 436, 83
tria, 741, 435, 114, 436
tria, 742, 435, 115, 114
tria, 743, 436, 65, 83
tria, 744, 436, 114, 65
tria, 745, 421, 437, 434
tria, 746, 421, 420, 437
tria, 747, 434, 435, 433
tria, 748, 434, 437, 435
tria, 749, 420, 116, 437
tria, 750, 420, 117, 116
tria, 751, 437, 115, 435
tria, 752, 437, 116, 115
tria, 753, 398, 81, 80
tria, 754, 398, 439, 81
tria, 755, 439, 82, 81
tria, 756, 439, 432, 82
tria, 757, 397, 439, 398
tria, 758, 397, 438, 439
tria, 759, 438, 432, 439
tria, 760, 438, 433, 432
tria, 761, 395, 440, 396
tria, 762, 395, 422, 440
tria, 763, 396, 438, 397
tria, 764, 396, 440, 438
tria, 765, 422, 434, 440
tria, 766, 422, 421, 434
tria, 767, 440, 433, 438
tria, 768, 440, 434, 433
tria, 769, 459, 462, 458
tria, 770, 459, 461, 462
tria, 771, 458, 455, 456
tria, 772, 458, 462, 455
tria, 773, 461, 450, 462
tria, 774, 461, 449, 450
tria, 775, 462, 451, 455
tria, 776, 462, 450, 451
tria, 777, 460, 461, 459
tria, 778, 460, 463, 461
tria, 779, 463, 449, 461
tria, 780, 463, 448, 449
tria, 781, 112, 463, 460
tria, 782, 112, 111, 463
tria, 783, 111, 448, 463
tria, 784, 111, 110, 448
tria, 785, 85, 465, 86
tria, 786, 85, 464, 465
tria, 787, 86, 457, 87
tria, 788, 86, 465, 457
tria, 789, 464, 458, 465
tria, 790, 464, 459, 458
tria, 791, 465, 456, 457
tria, 792, 465, 458, 456
tria, 793, 67, 466, 84
tria, 794, 67, 113, 466
tria, 795, 84, 464, 85
tria, 796, 84, 466, 464
tria, 797, 113, 460, 466
tria, 798, 113, 112, 460
tria, 799, 466, 459, 464
tria, 800, 466, 460, 459
tria, 801, 468, 471, 467
tria, 802, 468, 470, 471
tria, 803, 467, 323, 322
tria, 804, 467, 471, 323
tria, 805, 470, 454, 471
tria, 806, 470, 453, 454
tria, 807, 471, 324, 323
tria, 808, 471, 454, 324
tria, 809, 456, 472, 469
tria, 810, 456, 455, 472
tria, 811, 469, 470, 468
tria, 812, 469, 472, 470
tria, 813, 455, 452, 472
tria, 814, 455, 451, 452
tria, 815, 472, 453, 470
tria, 816, 472, 452, 453
tria, 817, 89, 474, 90
tria, 818, 89, 473, 474
tria, 819, 90, 321, 91
tria, 820, 90, 474, 321
tria, 821, 473, 467, 474
tria, 822, 473, 468, 467
tria, 823, 474, 322, 321
tria, 824, 474, 467, 322
tria, 825, 87, 475, 88
tria, 826, 87, 457, 475
tria, 827, 88, 473, 89
tria, 828, 88, 475, 473
tria, 829, 457, 469, 475
tria, 830, 457, 456, 469
tria, 831, 475, 468, 473
tria, 832, 475, 469, 468
tria, 833, 482, 479, 480
tria, 834, 482, 483, 479
tria, 835, 483, 442, 479
tria, 836, 483, 441, 442
tria, 837, 108, 483, 482
tria, 838, 108, 107, 483
tria, 839, 107, 441, 483
tria, 840, 107, 106, 441
tria, 841, 448, 481, 449
tria, 842, 448, 484, 481
tria, 843, 484, 480, 481
tria, 844, 484, 482, 480
tria, 845, 110, 484, 448
tria, 846, 110, 109, 484
tria, 847, 109, 482, 484
tria, 848, 109, 108, 482
tria, 849, 485, 476, 477
tria, 850, 485, 486, 476
tria, 851, 486, 444, 476
tria, 852, 486, 443, 444
tria, 853, 480, 486, 485
tria, 854, 480, 479, 486
tria, 855, 479, 443, 486
tria, 856, 479, 442, 443
tria, 857, 450, 478, 451
tria, 858, 450, 487, 478
tria, 859, 487, 477, 478
tria, 860, 487, 485, 477
tria, 861, 449, 487, 450
tria, 862, 449, 481, 487
tria, 863, 481, 485, 487
tria, 864, 481, 480, 485
tria, 865, 489, 492, 488
tria, 866, 489, 491, 492
tria, 867, 488, 327, 326
tria, 868, 488, 492, 327
tria, 869, 491, 447, 492
tria, 870, 491, 446, 447
tria, 871, 492, 328, 327
tria, 872, 492, 447, 328
tria, 873, 490, 491, 489
tria, 874, 490, 493, 491
tria, 875, 493, 446, 491
tria, 876, 493, 445, 446
tria, 877, 477, 493, 490
tria, 878, 477, 476, 493
tria, 879, 476, 445, 493
tria, 880, 476, 444, 445
tria, 881, 453, 495, 454
tria, 882, 453, 494, 495
tria, 883, 454, 325, 324
tria, 884, 454, 495, 325
tria, 885, 494, 488, 495
tria, 886, 494, 489, 488
tria, 887, 495, 326, 325
tria, 888, 495, 488, 326
tria, 889, 451, 496, 452
tria, 890, 451, 478, 496
tria, 891, 452, 494, 453
tria, 892, 452, 496, 494
tria, 893, 478, 490, 496
tria, 894, 478, 477, 490
tria, 895, 496, 489, 494
tria, 896, 496, 490, 489
tria, 897, 507, 511, 504
tria, 898, 505, 507, 504
tria, 899, 511, 499, 500
tria, 900, 504, 511, 500
tria, 901, 508, 510, 511
tria, 902, 507, 508, 511
tria, 903, 510, 498, 499
tria, 904, 511, 510, 499
tria, 905, 509, 512, 510
tria, 906, 508, 509, 510
tria, 907, 512, 497, 498
tria, 908, 510, 512, 498
tria, 909, 127, 126, 512
tria, 910, 509, 127, 512
tria, 911, 126, 125, 497
tria, 912, 512, 126, 497
tria, 913, 514, 101, 100
tria, 914, 513, 514, 100
tria, 915, 506, 102, 101
tria, 916, 514, 506, 101
tria, 917, 507, 514, 513
tria, 918, 508, 507, 513
tria, 919, 505, 506, 514
tria, 920, 507, 505, 514
tria, 921, 515, 99, 68
tria, 922, 128, 515, 68
tria, 923, 513, 100, 99
tria, 924, 515, 513, 99
tria, 925, 509, 515, 128
tria, 926, 127, 509, 128
tria, 927, 508, 513, 515
tria, 928, 509, 508, 515
tria, 929, 520, 516, 517
tria, 930, 519, 520, 517
tria, 931, 443, 442, 516
tria, 932, 520, 443, 516
tria, 933, 503, 520, 519
tria, 934, 502, 503, 519
tria, 935, 444, 443, 520
tria, 936, 503, 444, 520
tria, 937, 521, 518, 505
tria, 938, 504, 521, 505
tria, 939, 519, 517, 518
tria, 940, 521, 519, 518
tria, 941, 501, 521, 504
tria, 942, 500, 501, 504
tria, 943, 502, 519, 521
tria, 944, 501, 502, 521
tria, 945, 523, 105, 104
tria, 946, 522, 523, 104
tria, 947, 441, 106, 105
tria, 948, 523, 441, 105
tria, 949, 516, 523, 522
tria, 950, 517, 516, 522
tria, 951, 442, 441, 523
tria, 952, 516, 442, 523
tria, 953, 524, 103, 102
tria, 954, 506, 524, 102
tria, 955, 522, 104, 103
tria, 956, 524, 522, 103
tria, 957, 518, 524, 506
tria, 958, 505, 518, 506
tria, 959, 517, 522, 524
tria, 960, 518, 517, 524
tria, 961, 531, 532, 528
tria, 962, 529, 531, 528
tria, 963, 532, 335, 334
tria, 964, 528, 532, 334
tria, 965, 123, 122, 532
tria, 966, 531, 123, 532
tria, 967, 122, 121, 335
tria, 968, 532, 122, 335
tria, 969, 497, 533, 530
tria, 970, 498, 497, 530
tria, 971, 533, 531, 529
tria, 972, 530, 533, 529
tria, 973, 125, 124, 533
tria, 974, 497, 125, 533
tria, 975, 124, 123, 531
tria, 976, 533, 124, 531
tria, 977, 534, 535, 525
tria, 978, 526, 534, 525
tria, 979, 535, 333, 332
tria, 980, 525, 535, 332
tria, 981, 529, 528, 535
tria, 982, 534, 529, 535
tria, 983, 528, 334, 333
tria, 984, 535, 528, 333
tria, 985, 499, 536, 527
tria, 986, 500, 499, 527
tria, 987, 536, 534, 526
tria, 988, 527, 536, 526
tria, 989, 498, 530, 536
tria, 990, 499, 498, 536
tria, 991, 530, 529, 534
tria, 992, 536, 530, 534
tria, 993, 540, 541, 537
tria, 994, 538, 540, 537
tria, 995, 541, 331, 330
tria, 996, 537, 541, 330
tria, 997, 526, 525, 541
tria, 998, 540, 526, 541
tria, 999, 525, 332, 331
tria, 1000, 541, 525, 331
tria, 1001, 501, 542, 539
tria, 1002, 502, 501, 539
tria, 1003, 542, 540, 538
tria, 1004, 539, 542, 538
tria, 1005, 500, 527, 542
tria, 1006, 501, 500, 542
tria, 1007, 527, 526, 540
tria, 1008, 542, 527, 540
tria, 1009, 543, 544, 447
tria, 1010, 446, 543, 447
tria, 1011, 544, 329, 328
tria, 1012, 447, 544, 328
tria, 1013, 538, 537, 544
tria, 1014, 543, 538, 544
tria, 1015, 537, 330, 329
tria, 1016, 544, 537, 329
tria, 1017, 545, 543, 446
tria, 1018, 445, 545, 446
tria, 1019, 539, 538, 543
tria, 1020, 545, 539, 543
tria, 1021, 503, 545, 445
tria, 1022, 444, 503, 445
tria, 1023, 502, 539, 545
tria, 1024, 503, 502, 545