node, 1,  100.0          ,  0.0,  0.0            
node, 2,  92.387953251129,  38.268343236509,  0.0            
node, 3,  70.710678118655,  70.710678118655,  0.0            
node, 4,  38.268343236509,  92.387953251129,  0.0            
node, 5,  0.0            ,  100.0          ,  0.0            
node, 6,  -38.26834323651,  92.387953251129,  0.0            
node, 7,  -70.71067811865,  70.710678118655,  0.0            
node, 8,  -92.38795325113,  38.268343236509,  0.0            
node, 9,  -100.0         ,  0.0            ,  0.0            
node, 10,  -92.38795325113,  -38.26834323651,  0.0            
node, 11,  -70.71067811865,  -70.71067811865,  0.0            
node, 12,  -38.26834323651,  -92.38795325113,  0.0            
node, 13,  0.0,  -100.0         ,  0.0            
node, 14,  38.268343236509,  -92.38795325113,  0.0            
node, 15,  70.710678118655,  -70.71067811865,  0.0            
node, 16,  92.387953251129,  -38.26834323651,  0.0            
node, 17,  76.35467659604 ,  0.0,  0.0            
node, 18,  0.0,  76.35467659604 ,  0.0            
node, 19,  -76.35467659604,  0.0            ,  0.0            
node, 20,  -5.68434189E-14,  -76.35467659604,  0.0            
node, 21,  23.514707940379,  63.986098503684,  0.0            
node, 22,  46.095827751656,  46.095827751656,  0.0            
node, 23,  63.986098503684,  23.514707940379,  0.0            
node, 24,  -63.98609850368,  23.514707940379,  0.0            
node, 25,  -46.09582775166,  46.095827751656,  0.0            
node, 26,  -23.51470794038,  63.986098503684,  0.0            
node, 27,  -23.51470794038,  -63.98609850368,  0.0            
node, 28,  -46.09582775166,  -46.09582775166,  0.0            
node, 29,  -63.98609850368,  -23.51470794038,  0.0            
node, 30,  63.986098503684,  -23.51470794038,  0.0            
node, 31,  46.095827751656,  -46.09582775166,  0.0            
node, 32,  23.514707940379,  -63.98609850368,  0.0            
node, 33,  -22.4372907868 ,  22.437290786802,  0.0            
node, 34,  0.0,  0.0,  0.0            
node, 35,  22.437290786802,  -22.4372907868 ,  0.0            
node, 36,  22.437290786802,  22.437290786802,  0.0            
node, 37,  0.0            ,  42.547486787193,  0.0            
node, 38,  42.547486787193,  0.0            ,  0.0            
node, 39,  -22.4372907868 ,  -22.4372907868 ,  0.0            
node, 40,  -42.54748678719,  0.0            ,  0.0            
node, 41,  0.0            ,  -42.54748678719,  0.0            
quad, 1,        17,         1,         2,        23
quad, 2,        23,         2,         3,        22
quad, 3,        22,         3,         4,        21
quad, 4,        21,         4,         5,        18
quad, 5,        18,         5,         6,        26
quad, 6,        26,         6,         7,        25
quad, 7,        25,         7,         8,        24
quad, 8,        24,         8,         9,        19
quad, 9,        19,         9,        10,        29
quad, 10,        29,        10,        11,        28
quad, 11,        28,        11,        12,        27
quad, 12,        27,        12,        13,        20
quad, 13,        20,        13,        14,        32
quad, 14,        32,        14,        15,        31
quad, 15,        31,        15,        16,        30
quad, 16,        30,        16,         1,        17
quad, 17,        36,        37,        33,        34
quad, 18,        37,        26,        25,        33
quad, 19,        22,        21,        37,        36
quad, 20,        21,        18,        26,        37
quad, 21,        30,        38,        35,        31
quad, 22,        38,        36,        34,        35
quad, 23,        17,        23,        38,        30
quad, 24,        23,        22,        36,        38
quad, 25,        19,        29,        40,        24
quad, 26,        24,        40,        33,        25
quad, 27,        29,        28,        39,        40
quad, 28,        40,        39,        34,        33
quad, 29,        32,        41,        27,        20
quad, 30,        41,        39,        28,        27
quad, 31,        31,        35,        41,        32
quad, 32,        35,        34,        39,        41
