Eigen vectors:
     0.31893     0.639538  3.91604e-17     0.976753  4.94333e-17    -0.374462            1  6.12323e-17    -0.886309 -5.42708e-17            1  5.91473e-17    -0.675477 -3.96652e-17     0.274976     -0.58006 -3.55185e-17            1  6.12323e-17    -0.537713 -1.00777e-15            1  1.65494e-17    -0.091164     0.141695
     0.31893 -2.79551e-08    -0.639538    -0.976753  7.05771e-08    -0.374462  1.31134e-07            1  3.87418e-08     0.886309            1 -1.68892e-07     0.675477 -5.66309e-08     0.274976 -7.60657e-08     -0.58006 -4.37114e-08           -1    -0.537713  2.87762e-06           -1   2.3628e-08    -0.091164  1.85811e-08
     0.31893    -0.639538  5.59102e-08     0.976753 -1.41154e-07    -0.374462           -1  2.62268e-07     0.886309 -7.74836e-08            1 -3.37784e-07    -0.675477  1.13262e-07     0.274976      0.58006 -1.52131e-07           -1  8.74228e-08    -0.537713  5.75524e-06            1  -4.7256e-08    -0.091164    -0.141695
     0.31893 -2.79551e-08     0.639538    -0.976753 -7.05771e-08    -0.374462  1.31134e-07           -1  3.87418e-08    -0.886309            1  1.68892e-07     0.675477  5.66309e-08     0.274976 -7.60657e-08      0.58006 -4.37114e-08            1    -0.537713 -2.87762e-06           -1  -2.3628e-08    -0.091164  1.85811e-08
    0.432892     0.281536    -0.766091    -0.891085    -0.625847    -0.401805    -0.976263     0.551563    -0.260945     0.710059     0.169289            1     0.312453     0.254623     0.121813     0.158863   -0.0897533   -0.0428078     0.116485   0.00534262            1     0.873774     0.200676     0.162562     0.584378
    0.473761     0.614393    -0.614393  -5.2886e-08           -1    -0.391626    -0.796872    -0.796872    -0.452909     0.452909     -1.02368  8.64453e-08  1.10806e-08     0.243102    0.0407041  -0.00827642  -0.00827642    -0.418702     0.418702    -0.274569  7.34691e-07  8.07647e-08     0.499378      0.23693     0.609349
    0.432892     0.766091    -0.281536     0.891085    -0.625847    -0.401805     0.551563    -0.976263    -0.710059     0.260945     0.169289           -1    -0.312453     0.254623     0.121813   -0.0897533     0.158863    -0.116485    0.0428078   0.00534262           -1    -0.873774     0.200677     0.162562    -0.330158
    0.432892    -0.766091    -0.281536     0.891085     0.625847    -0.401805    -0.551563    -0.976263     0.710059     0.260945     0.169289            1    -0.312453    -0.254623     0.121813    0.0897534     0.158863     0.116485    0.0428078   0.00534262            1    -0.873774    -0.200676     0.162562     0.330158
    0.473761    -0.614393    -0.614393  1.44278e-08            1    -0.391626     0.796872    -0.796872     0.452909     0.452909     -1.02368  2.35831e-08  -3.0229e-09    -0.243102    0.0407041   0.00827642  -0.00827642     0.418702     0.418702    -0.274569  2.00431e-07 -2.20334e-08    -0.499378      0.23693    -0.609349
    0.432892    -0.281536    -0.766091    -0.891085     0.625847    -0.401805     0.976263     0.551563     0.260945     0.710059     0.169289           -1     0.312453    -0.254623     0.121813    -0.158863   -0.0897534    0.0428078     0.116485   0.00534262           -1     0.873774    -0.200676     0.162562    -0.584378
    0.432892    -0.281536     0.766091    -0.891085    -0.625847    -0.401805     0.976263    -0.551563     0.260945    -0.710059     0.169289            1     0.312453     0.254623     0.121813    -0.158863    0.0897534    0.0428078    -0.116485   0.00534262            1     0.873774     0.200676     0.162562    -0.584378
    0.473761    -0.614393     0.614393  1.44278e-08           -1    -0.391626     0.796872     0.796872     0.452909    -0.452909     -1.02368 -2.35831e-08  -3.0229e-09     0.243102    0.0407041   0.00827642   0.00827642     0.418702    -0.418702    -0.274569 -2.00431e-07 -2.20334e-08     0.499378      0.23693    -0.609349
    0.432892    -0.766091     0.281536     0.891085    -0.625847    -0.401805    -0.551563     0.976263     0.710059    -0.260945     0.169289           -1    -0.312453     0.254623     0.121813    0.0897534    -0.158863     0.116485   -0.0428078   0.00534262           -1    -0.873774     0.200676     0.162562     0.330158
    0.432892     0.766091     0.281536     0.891085     0.625847    -0.401805     0.551563     0.976263    -0.710059    -0.260945     0.169289            1    -0.312453    -0.254623     0.121813   -0.0897533    -0.158863    -0.116485   -0.0428078   0.00534262            1    -0.873774    -0.200677     0.162562    -0.330158
    0.473761     0.614393     0.614393  -5.2886e-08            1    -0.391626    -0.796872     0.796872    -0.452909    -0.452909     -1.02368 -8.64453e-08  1.10806e-08    -0.243102    0.0407041  -0.00827642   0.00827642    -0.418702    -0.418702    -0.274569 -7.34691e-07  8.07647e-08    -0.499378      0.23693     0.609349
    0.432892     0.281536     0.766091    -0.891085     0.625847    -0.401805    -0.976263    -0.551563    -0.260945    -0.710059     0.169289           -1     0.312453    -0.254623     0.121813     0.158863    0.0897533   -0.0428078    -0.116485   0.00534262           -1     0.873774    -0.200676     0.162562     0.584378
    0.859641    -0.620166    -0.620166  8.03866e-09     0.557164     0.368114     0.243852    -0.243852           -1           -1    -0.171441  3.94961e-09  1.24347e-08            1    -0.162403     0.530929    -0.530929     -0.90575     -0.90575    -0.556971  4.06579e-07  4.41216e-08            1    -0.401112            1
           1            0            0            0            0            1            0            0            0            0            0            0            0            0            1            0            0            0            0            0            0            0            0            1            0
    0.859641     0.620166     0.620166 -2.94662e-08     0.557164     0.368114    -0.243852     0.243852            1            1    -0.171441 -1.44775e-08 -4.55802e-08            1    -0.162403    -0.530929     0.530929      0.90575      0.90575    -0.556971 -1.49034e-06 -1.61731e-07            1    -0.401112           -1
    0.859641     0.620166    -0.620166 -2.94662e-08    -0.557164     0.368114    -0.243852    -0.243852            1           -1    -0.171441  1.44775e-08 -4.55802e-08           -1    -0.162403    -0.530929    -0.530929      0.90575     -0.90575    -0.556971  1.49034e-06 -1.61731e-07           -1    -0.401112           -1
    0.754905 -4.37114e-08           -1           -1  7.22568e-08    0.0294915  8.73938e-08     0.666445 -3.85886e-08    -0.882804     0.431997 -7.29608e-08           -1  8.38384e-08    -0.398191  1.31134e-07            1  4.05321e-08     0.927266            1 -5.35159e-06     -0.56719  1.34016e-08    -0.172012  1.05303e-07
    0.754905            1  6.12323e-17            1  5.06098e-17    0.0294915     0.666445   4.0808e-17     0.882804  5.40562e-17     0.431997  2.55515e-17            1  5.87218e-17    -0.398191            1  6.12323e-17    -0.927266 -5.67787e-17            1  1.87417e-15      0.56719  9.38668e-18    -0.172012     0.803014
    0.859641    -0.620166     0.620166  8.03866e-09    -0.557164     0.368114     0.243852     0.243852           -1            1    -0.171441 -3.94961e-09  1.24347e-08           -1    -0.162403     0.530929     0.530929     -0.90575      0.90575    -0.556971 -4.06579e-07  4.41216e-08           -1    -0.401112            1
    0.754905           -1  8.74228e-08            1 -1.44514e-07    0.0294915    -0.666445  1.74788e-07    -0.882804  7.71772e-08     0.431997 -1.45922e-07            1 -1.67677e-07    -0.398191           -1  2.62268e-07     0.927266 -8.10642e-08            1 -1.07032e-05      0.56719 -2.68031e-08    -0.172012    -0.803014
    0.754905 -4.37114e-08            1           -1 -7.22568e-08    0.0294915  8.73938e-08    -0.666445 -3.85886e-08     0.882804     0.431997  7.29608e-08           -1 -8.38384e-08    -0.398191  1.31134e-07           -1  4.05321e-08    -0.927266            1  5.35159e-06     -0.56719 -1.34016e-08    -0.172012  1.05303e-07

Eigen vectors Inverse
     0.31893      0.31893      0.31893      0.31893     0.432892     0.473761     0.432892     0.432892     0.473761     0.432892     0.432892     0.473761     0.432892     0.432892     0.473761     0.432892     0.859641            1     0.859641     0.859641     0.754905     0.754905     0.859641     0.754905     0.754905
    0.639538 -2.79551e-08    -0.639538 -2.79551e-08     0.281536     0.614393     0.766091    -0.766091    -0.614393    -0.281536    -0.281536    -0.614393    -0.766091     0.766091     0.614393     0.281536    -0.620166            0     0.620166     0.620166 -4.37114e-08            1    -0.620166           -1 -4.37114e-08
 3.91604e-17    -0.639538  5.59102e-08     0.639538    -0.766091    -0.614393    -0.281536    -0.281536    -0.614393    -0.766091     0.766091     0.614393     0.281536     0.281536     0.614393     0.766091    -0.620166            0     0.620166    -0.620166           -1  6.12323e-17     0.620166  8.74228e-08            1
    0.976753    -0.976753     0.976753    -0.976753    -0.891085  -5.2886e-08     0.891085     0.891085  1.44278e-08    -0.891085    -0.891085  1.44278e-08     0.891085     0.891085  -5.2886e-08    -0.891085  8.03866e-09            0 -2.94662e-08 -2.94662e-08           -1            1  8.03866e-09            1           -1
 4.94333e-17  7.05771e-08 -1.41154e-07 -7.05771e-08    -0.625847           -1    -0.625847     0.625847            1     0.625847    -0.625847           -1    -0.625847     0.625847            1     0.625847     0.557164            0     0.557164    -0.557164  7.22568e-08  5.06098e-17    -0.557164 -1.44514e-07 -7.22568e-08
   -0.374462    -0.374462    -0.374462    -0.374462    -0.401805    -0.391626    -0.401805    -0.401805    -0.391626    -0.401805    -0.401805    -0.391626    -0.401805    -0.401805    -0.391626    -0.401805     0.368114            1     0.368114     0.368114    0.0294915    0.0294915     0.368114    0.0294915    0.0294915
           1  1.31134e-07           -1  1.31134e-07    -0.976263    -0.796872     0.551563    -0.551563     0.796872     0.976263     0.976263     0.796872    -0.551563     0.551563    -0.796872    -0.976263     0.243852            0    -0.243852    -0.243852  8.73938e-08     0.666445     0.243852    -0.666445  8.73938e-08
 6.12323e-17            1  2.62268e-07           -1     0.551563    -0.796872    -0.976263    -0.976263    -0.796872     0.551563    -0.551563     0.796872     0.976263     0.976263     0.796872    -0.551563    -0.243852            0     0.243852    -0.243852     0.666445   4.0808e-17     0.243852  1.74788e-07    -0.666445
   -0.886309  3.87418e-08     0.886309  3.87418e-08    -0.260945    -0.452909    -0.710059     0.710059     0.452909     0.260945     0.260945     0.452909     0.710059    -0.710059    -0.452909    -0.260945           -1            0            1            1 -3.85886e-08     0.882804           -1    -0.882804 -3.85886e-08
-5.42708e-17     0.886309 -7.74836e-08    -0.886309     0.710059     0.452909     0.260945     0.260945     0.452909     0.710059    -0.710059    -0.452909    -0.260945    -0.260945    -0.452909    -0.710059           -1            0            1           -1    -0.882804  5.40562e-17            1  7.71772e-08     0.882804
           1            1            1            1     0.169289     -1.02368     0.169289     0.169289     -1.02368     0.169289     0.169289     -1.02368     0.169289     0.169289     -1.02368     0.169289    -0.171441            0    -0.171441    -0.171441     0.431997     0.431997    -0.171441     0.431997     0.431997
 5.91473e-17 -1.68892e-07 -3.37784e-07  1.68892e-07            1  8.64453e-08           -1            1  2.35831e-08           -1            1 -2.35831e-08           -1            1 -8.64453e-08           -1  3.94961e-09            0 -1.44775e-08  1.44775e-08 -7.29608e-08  2.55515e-17 -3.94961e-09 -1.45922e-07  7.29608e-08
   -0.675477     0.675477    -0.675477     0.675477     0.312453  1.10806e-08    -0.312453    -0.312453  -3.0229e-09     0.312453     0.312453  -3.0229e-09    -0.312453    -0.312453  1.10806e-08     0.312453  1.24347e-08            0 -4.55802e-08 -4.55802e-08           -1            1  1.24347e-08            1           -1
-3.96652e-17 -5.66309e-08  1.13262e-07  5.66309e-08     0.254623     0.243102     0.254623    -0.254623    -0.243102    -0.254623     0.254623     0.243102     0.254623    -0.254623    -0.243102    -0.254623            1            0            1           -1  8.38384e-08  5.87218e-17           -1 -1.67677e-07 -8.38384e-08
    0.274976     0.274976     0.274976     0.274976     0.121813    0.0407041     0.121813     0.121813    0.0407041     0.121813     0.121813    0.0407041     0.121813     0.121813    0.0407041     0.121813    -0.162403            1    -0.162403    -0.162403    -0.398191    -0.398191    -0.162403    -0.398191    -0.398191
    -0.58006 -7.60657e-08      0.58006 -7.60657e-08     0.158863  -0.00827642   -0.0897533    0.0897534   0.00827642    -0.158863    -0.158863   0.00827642    0.0897534   -0.0897533  -0.00827642     0.158863     0.530929            0    -0.530929    -0.530929  1.31134e-07            1     0.530929           -1  1.31134e-07
-3.55185e-17     -0.58006 -1.52131e-07      0.58006   -0.0897533  -0.00827642     0.158863     0.158863  -0.00827642   -0.0897534    0.0897534   0.00827642    -0.158863    -0.158863   0.00827642    0.0897533    -0.530929            0     0.530929    -0.530929            1  6.12323e-17     0.530929  2.62268e-07           -1
           1 -4.37114e-08           -1 -4.37114e-08   -0.0428078    -0.418702    -0.116485     0.116485     0.418702    0.0428078    0.0428078     0.418702     0.116485    -0.116485    -0.418702   -0.0428078     -0.90575            0      0.90575      0.90575  4.05321e-08    -0.927266     -0.90575     0.927266  4.05321e-08
 6.12323e-17           -1  8.74228e-08            1     0.116485     0.418702    0.0428078    0.0428078     0.418702     0.116485    -0.116485    -0.418702   -0.0428078   -0.0428078    -0.418702    -0.116485     -0.90575            0      0.90575     -0.90575     0.927266 -5.67787e-17      0.90575 -8.10642e-08    -0.927266
   -0.537713    -0.537713    -0.537713    -0.537713   0.00534262    -0.274569   0.00534262   0.00534262    -0.274569   0.00534262   0.00534262    -0.274569   0.00534262   0.00534262    -0.274569   0.00534262    -0.556971            0    -0.556971    -0.556971            1            1    -0.556971            1            1
-1.00777e-15  2.87762e-06  5.75524e-06 -2.87762e-06            1  7.34691e-07           -1            1  2.00431e-07           -1            1 -2.00431e-07           -1            1 -7.34691e-07           -1  4.06579e-07            0 -1.49034e-06  1.49034e-06 -5.35159e-06  1.87417e-15 -4.06579e-07 -1.07032e-05  5.35159e-06
           1           -1            1           -1     0.873774  8.07647e-08    -0.873774    -0.873774 -2.20334e-08     0.873774     0.873774 -2.20334e-08    -0.873774    -0.873774  8.07647e-08     0.873774  4.41216e-08            0 -1.61731e-07 -1.61731e-07     -0.56719      0.56719  4.41216e-08      0.56719     -0.56719
 1.65494e-17   2.3628e-08  -4.7256e-08  -2.3628e-08     0.200676     0.499378     0.200677    -0.200676    -0.499378    -0.200676     0.200676     0.499378     0.200676    -0.200677    -0.499378    -0.200676            1            0            1           -1  1.34016e-08  9.38668e-18           -1 -2.68031e-08 -1.34016e-08
   -0.091164    -0.091164    -0.091164    -0.091164     0.162562      0.23693     0.162562     0.162562      0.23693     0.162562     0.162562      0.23693     0.162562     0.162562      0.23693     0.162562    -0.401112            1    -0.401112    -0.401112    -0.172012    -0.172012    -0.401112    -0.172012    -0.172012
    0.141695  1.85811e-08    -0.141695  1.85811e-08     0.584378     0.609349    -0.330158     0.330158    -0.609349    -0.584378    -0.584378    -0.609349     0.330158    -0.330158     0.609349     0.584378            1            0           -1           -1  1.05303e-07     0.803014            1    -0.803014  1.05303e-07

Eigen Check
     9.03928 -1.22644e-07  8.38273e-08 -7.58816e-08 -1.54112e-07    -0.256521 -7.40532e-08  2.15593e-07 -7.59622e-08  3.35496e-08      0.63703 -2.17886e-07 -4.84394e-08 -9.04574e-08    0.0889665  1.03821e-07  1.49468e-07 -3.93434e-11  -3.3314e-08   -0.0833484 -6.24437e-06 -1.44003e-07 -3.53052e-08  -0.00299131  1.90258e-07
-1.22644e-07        8.531  -1.2318e-07 -1.66103e-07  2.34787e-07  1.25108e-08     0.639456 -3.42518e-07    -0.470182 -2.76235e-08 -4.89722e-07  3.61947e-07  5.77606e-08  9.52414e-08  2.56296e-08    -0.175474 -1.64974e-07     0.237257  2.51539e-08 -4.25459e-08  7.02249e-06  1.51916e-07  5.70252e-08  2.85187e-08     0.450491
 8.38273e-08  -1.2318e-07        8.531  1.42033e-07 -1.77988e-08  -1.8358e-08 -1.14173e-07    -0.639456 -2.76235e-08    -0.470182  9.36766e-08  2.99439e-07  4.96567e-08   -1.356e-07  -1.9437e-08 -5.49915e-08     0.175474  2.51539e-08     0.237257  5.73591e-08  3.61616e-06  1.05496e-07 -9.20435e-08 -2.01347e-08 -7.81239e-08
-7.58816e-08 -1.66103e-07  1.42033e-07      14.1684 -2.82386e-07  1.67616e-08 -7.02656e-07  4.30959e-07  1.53278e-07  1.49484e-09  7.04239e-08 -4.75853e-07    -0.866476 -5.70478e-08   3.0969e-09 -8.08838e-09  1.13673e-07  1.99576e-08  4.32633e-09  4.44936e-08 -5.08173e-06   -0.0530804 -7.29606e-08 -2.01105e-09 -1.61284e-08
-1.54112e-07  2.34787e-07 -1.77988e-08 -2.82386e-07       8.3752  4.85949e-08  2.37465e-07  4.31722e-07  2.47103e-09 -1.48288e-07 -2.03583e-07 -1.29986e-07 -4.91672e-08   -0.0185897    1.873e-08  6.26357e-08  -4.5064e-08  7.15161e-09 -2.72424e-08 -6.86132e-08 -2.26872e-06 -2.23121e-07    -0.773596  3.77262e-08  1.36047e-07
   -0.256521  1.25108e-08  -1.8358e-08  1.67616e-08  4.85949e-08      4.01146  1.21933e-07 -9.30548e-08 -5.55847e-08  3.12907e-08    -0.639906  1.22184e-07 -3.15606e-08 -4.73573e-08      -0.1533    3.676e-09  6.47022e-08  8.44738e-09 -3.51272e-08     0.516203 -2.47077e-06 -1.34956e-07  1.69051e-08    -0.368058 -2.15455e-07
-7.40532e-08     0.639456 -1.14173e-07 -7.02656e-07  2.37465e-07  1.21933e-07      10.6954 -3.78755e-07    -0.675271  2.60492e-08  3.99756e-07  4.35033e-07  1.47485e-07 -1.51446e-09 -5.02132e-08    -0.101362  -2.2656e-08      1.12536 -3.33979e-08  9.03897e-08  1.37785e-06 -3.52926e-08  6.51188e-08  -1.4113e-07      -2.6236
 2.15593e-07 -3.42518e-07    -0.639456  4.30959e-07  4.31722e-07 -9.30548e-08 -3.78755e-07      10.6954  7.81476e-08     0.675271  3.37776e-07 -5.18356e-07 -2.36882e-09 -1.52253e-07  2.51864e-09  -2.2656e-08    -0.101362 -1.00194e-07     -1.12536  3.37624e-08 -3.69231e-06  3.61406e-07   -2.137e-08 -5.39749e-08 -1.77519e-07
-7.59622e-08    -0.470182 -2.76235e-08  1.53278e-07  2.47103e-09 -5.55847e-08    -0.675271  7.81476e-08      10.2394 -1.36807e-07  4.32881e-07 -1.70561e-07 -5.74327e-08  2.48411e-07  6.02629e-08     0.774214 -3.66367e-07      1.34726  1.49047e-07 -8.19906e-08  1.45497e-05 -7.01128e-07 -1.82215e-08  3.20486e-08     -3.60952
 3.35496e-08 -2.76235e-08    -0.470182  1.49484e-09 -1.48288e-07  3.12907e-08  2.60492e-08     0.675271 -1.36807e-07      10.2394 -4.41433e-08  -1.9631e-07  1.29516e-07 -1.24964e-07 -5.20373e-08 -1.22122e-07    -0.774214  1.49047e-07      1.34726  1.18841e-07  1.15144e-05 -3.37095e-08  1.35057e-07 -6.21165e-09 -5.09953e-08
     0.63703 -4.89722e-07  9.36766e-08  7.04239e-08 -2.03583e-07    -0.639906  3.99756e-07  3.37776e-07  4.32881e-07 -4.41433e-08      9.28497 -4.00822e-07  3.59304e-10   4.0826e-08     0.521506 -9.02031e-09 -3.88324e-08 -1.17147e-09  5.24033e-08       1.0906   1.1315e-06 -6.45613e-08 -5.88349e-08     -1.13682  1.01221e-07
-2.17886e-07  3.61947e-07  2.99439e-07 -4.75853e-07 -1.29986e-07  1.22184e-07  4.35033e-07 -5.18356e-07 -1.70561e-07  -1.9631e-07 -4.00822e-07            8  8.22439e-08  6.46888e-09 -3.47778e-08 -5.00136e-08  1.21866e-08  2.02476e-07  2.46705e-07  3.57093e-08            8 -4.20549e-07   3.9333e-08  5.58939e-08  1.65039e-07
-4.84394e-08  5.77606e-08  4.96567e-08    -0.866476 -4.91672e-08 -3.15606e-08  1.47485e-07 -2.36882e-09 -5.74327e-08  1.29516e-07  3.59304e-10  8.22439e-08      6.60609 -2.44183e-07  1.16785e-08 -3.26327e-07   3.6503e-07 -2.66559e-07 -1.40116e-07  3.26706e-08 -1.45907e-05      1.75096  5.11723e-09  3.07509e-08 -1.35668e-07
-9.04574e-08  9.52414e-08   -1.356e-07 -5.70478e-08   -0.0185897 -4.73573e-08 -1.51446e-09 -1.52253e-07  2.48411e-07 -1.24964e-07   4.0826e-08  6.46888e-09 -2.44183e-07      4.75506  9.79115e-08  2.33375e-07  1.68262e-07 -2.68743e-07  3.34918e-07 -2.28579e-07  -1.9108e-06  1.81573e-08      4.89437  1.85169e-08  1.18598e-07
   0.0889665  2.56296e-08  -1.9437e-08   3.0969e-09    1.873e-08      -0.1533 -5.02132e-08  2.51864e-09  6.02629e-08 -5.20373e-08     0.521506 -3.47778e-08  1.16785e-08  9.79115e-08       2.1675 -1.23154e-07 -1.46265e-07 -4.74872e-08  5.63181e-08     -1.86188  5.84446e-06  4.36991e-08 -2.32149e-09      1.63126 -1.01154e-08
 1.03821e-07    -0.175474 -5.49915e-08 -8.08838e-09  6.26357e-08    3.676e-09    -0.101362  -2.2656e-08     0.774214 -1.22122e-07 -9.02031e-09 -5.00136e-08 -3.26327e-07  2.33375e-07 -1.23154e-07      3.93393 -3.50514e-07     -4.90973  1.31775e-07  3.94225e-07  1.40416e-05   1.5687e-07 -6.08209e-10  1.56847e-08      4.03506
 1.49468e-07 -1.64974e-07     0.175474  1.13673e-07  -4.5064e-08  6.47022e-08  -2.2656e-08    -0.101362 -3.66367e-07    -0.774214 -3.88324e-08  1.21866e-08   3.6503e-07  1.68262e-07 -1.46265e-07 -3.50514e-07      3.93393  3.95324e-07      4.90973  3.44071e-07 -1.60878e-05 -3.37552e-09 -7.02761e-08 -3.12443e-08 -1.89049e-07
-3.93434e-11     0.237257  2.51539e-08  1.99576e-08  7.15161e-09  8.44738e-09      1.12536 -1.00194e-07      1.34726  1.49047e-07 -1.17147e-09  2.02476e-07 -2.66559e-07 -2.68743e-07 -4.74872e-08     -4.90973  3.95324e-07      7.76403 -1.62591e-07   1.5184e-07 -1.56799e-05 -4.44215e-07  2.24024e-08  1.93563e-08      -5.7956
 -3.3314e-08  2.51539e-08     0.237257  4.32633e-09 -2.72424e-08 -3.51272e-08 -3.33979e-08     -1.12536  1.49047e-07      1.34726  5.24033e-08  2.46705e-07 -1.40116e-07  3.34918e-07  5.63181e-08  1.31775e-07      4.90973 -1.62591e-07      7.76403 -1.28073e-07 -1.83477e-05   4.1444e-08  4.75986e-08  5.97416e-09  5.27082e-08
  -0.0833484 -4.25459e-08  5.73591e-08  4.44936e-08 -6.86132e-08     0.516203  9.03897e-08  3.37624e-08 -8.19906e-08  1.18841e-07       1.0906  3.57093e-08  3.26706e-08 -2.28579e-07     -1.86188  3.94225e-07  3.44071e-07   1.5184e-07 -1.28073e-07      6.69919 -1.37979e-05  9.92425e-08 -1.39296e-09     0.148398  2.57194e-07
-6.24437e-06  7.02249e-06  3.61616e-06 -5.08173e-06 -2.26872e-06 -2.47077e-06  1.37785e-06 -3.69231e-06  1.45497e-05  1.15144e-05   1.1315e-06            8 -1.45907e-05  -1.9108e-06  5.84446e-06  1.40416e-05 -1.60878e-05 -1.56799e-05 -1.83477e-05 -1.37979e-05            8 -3.15498e-07 -1.63632e-06   1.3164e-06  7.77931e-06
-1.44003e-07  1.51916e-07  1.05496e-07   -0.0530804 -2.23121e-07 -1.34956e-07 -3.52926e-08  3.61406e-07 -7.01128e-07 -3.37095e-08 -6.45613e-08 -4.20549e-07      1.75096  1.81573e-08  4.36991e-08   1.5687e-07 -3.37552e-09 -4.44215e-07   4.1444e-08  9.92425e-08 -3.15498e-07      11.3947 -6.24585e-08  1.23137e-07  1.47188e-07
-3.53052e-08  5.70252e-08 -9.20435e-08 -7.29606e-08    -0.773596  1.69051e-08  6.51188e-08   -2.137e-08 -1.82215e-08  1.35057e-07 -5.88349e-08   3.9333e-08  5.11723e-09      4.89437 -2.32149e-09 -6.08209e-10 -7.02761e-08  2.24024e-08  4.75986e-08 -1.39296e-09 -1.63632e-06 -6.24585e-08      5.31968   8.9185e-09  2.82192e-08
 -0.00299131  2.85187e-08 -2.01347e-08 -2.01105e-09  3.77262e-08    -0.368058  -1.4113e-07 -5.39749e-08  3.20486e-08 -6.21165e-09     -1.13682  5.58939e-08  3.07509e-08  1.85169e-08      1.63126  1.56847e-08 -3.12443e-08  1.93563e-08  5.97416e-09     0.148398   1.3164e-06  1.23137e-07   8.9185e-09      2.23111  9.45109e-08
 1.90258e-07     0.450491 -7.81239e-08 -1.61284e-08  1.36047e-07 -2.15455e-07      -2.6236 -1.77519e-07     -3.60952 -5.09953e-08  1.01221e-07  1.65039e-07 -1.35668e-07  1.18598e-07 -1.01154e-08      4.03506 -1.89049e-07      -5.7956  5.27082e-08  2.57194e-07  7.77931e-06  1.47188e-07  2.82192e-08  9.45109e-08      8.61705

