Eigen vector matrix:
     0.31893     0.639538  3.91604e-17     0.976753  4.94333e-17    -0.374462            1  6.12323e-17    -0.886309 -5.42708e-17            1  5.91473e-17    -0.675477 -3.96652e-17     0.274976     -0.58006 -3.55185e-17            1  6.12323e-17    -0.537713 -1.00777e-15            1  1.65494e-17    -0.091164     0.141695
     0.31893 -2.79551e-08    -0.639538    -0.976753  7.05771e-08    -0.374462  1.31134e-07            1  3.87418e-08     0.886309            1 -1.68892e-07     0.675477 -5.66309e-08     0.274976 -7.60657e-08     -0.58006 -4.37114e-08           -1    -0.537713  2.87762e-06           -1   2.3628e-08    -0.091164  1.85811e-08
     0.31893    -0.639538  5.59102e-08     0.976753 -1.41154e-07    -0.374462           -1  2.62268e-07     0.886309 -7.74836e-08            1 -3.37784e-07    -0.675477  1.13262e-07     0.274976      0.58006 -1.52131e-07           -1  8.74228e-08    -0.537713  5.75524e-06            1  -4.7256e-08    -0.091164    -0.141695
     0.31893 -2.79551e-08     0.639538    -0.976753 -7.05771e-08    -0.374462  1.31134e-07           -1  3.87418e-08    -0.886309            1  1.68892e-07     0.675477  5.66309e-08     0.274976 -7.60657e-08      0.58006 -4.37114e-08            1    -0.537713 -2.87762e-06           -1  -2.3628e-08    -0.091164  1.85811e-08
    0.432892     0.281536    -0.766091    -0.891085    -0.625847    -0.401805    -0.976263     0.551563    -0.260945     0.710059     0.169289            1     0.312453     0.254623     0.121813     0.158863   -0.0897533   -0.0428078     0.116485   0.00534262            1     0.873774     0.200676     0.162562     0.584378
    0.473761     0.614393    -0.614393  -5.2886e-08           -1    -0.391626    -0.796872    -0.796872    -0.452909     0.452909     -1.02368  8.64453e-08  1.10806e-08     0.243102    0.0407041  -0.00827642  -0.00827642    -0.418702     0.418702    -0.274569  7.34691e-07  8.07647e-08     0.499378      0.23693     0.609349
    0.432892     0.766091    -0.281536     0.891085    -0.625847    -0.401805     0.551563    -0.976263    -0.710059     0.260945     0.169289           -1    -0.312453     0.254623     0.121813   -0.0897533     0.158863    -0.116485    0.0428078   0.00534262           -1    -0.873774     0.200677     0.162562    -0.330158
    0.432892    -0.766091    -0.281536     0.891085     0.625847    -0.401805    -0.551563    -0.976263     0.710059     0.260945     0.169289            1    -0.312453    -0.254623     0.121813    0.0897534     0.158863     0.116485    0.0428078   0.00534262            1    -0.873774    -0.200676     0.162562     0.330158
    0.473761    -0.614393    -0.614393  1.44278e-08            1    -0.391626     0.796872    -0.796872     0.452909     0.452909     -1.02368  2.35831e-08  -3.0229e-09    -0.243102    0.0407041   0.00827642  -0.00827642     0.418702     0.418702    -0.274569  2.00431e-07 -2.20334e-08    -0.499378      0.23693    -0.609349
    0.432892    -0.281536    -0.766091    -0.891085     0.625847    -0.401805     0.976263     0.551563     0.260945     0.710059     0.169289           -1     0.312453    -0.254623     0.121813    -0.158863   -0.0897534    0.0428078     0.116485   0.00534262           -1     0.873774    -0.200676     0.162562    -0.584378
    0.432892    -0.281536     0.766091    -0.891085    -0.625847    -0.401805     0.976263    -0.551563     0.260945    -0.710059     0.169289            1     0.312453     0.254623     0.121813    -0.158863    0.0897534    0.0428078    -0.116485   0.00534262            1     0.873774     0.200676     0.162562    -0.584378
    0.473761    -0.614393     0.614393  1.44278e-08           -1    -0.391626     0.796872     0.796872     0.452909    -0.452909     -1.02368 -2.35831e-08  -3.0229e-09     0.243102    0.0407041   0.00827642   0.00827642     0.418702    -0.418702    -0.274569 -2.00431e-07 -2.20334e-08     0.499378      0.23693    -0.609349
    0.432892    -0.766091     0.281536     0.891085    -0.625847    -0.401805    -0.551563     0.976263     0.710059    -0.260945     0.169289           -1    -0.312453     0.254623     0.121813    0.0897534    -0.158863     0.116485   -0.0428078   0.00534262           -1    -0.873774     0.200676     0.162562     0.330158
    0.432892     0.766091     0.281536     0.891085     0.625847    -0.401805     0.551563     0.976263    -0.710059    -0.260945     0.169289            1    -0.312453    -0.254623     0.121813   -0.0897533    -0.158863    -0.116485   -0.0428078   0.00534262            1    -0.873774    -0.200677     0.162562    -0.330158
    0.473761     0.614393     0.614393  -5.2886e-08            1    -0.391626    -0.796872     0.796872    -0.452909    -0.452909     -1.02368 -8.64453e-08  1.10806e-08    -0.243102    0.0407041  -0.00827642   0.00827642    -0.418702    -0.418702    -0.274569 -7.34691e-07  8.07647e-08    -0.499378      0.23693     0.609349
    0.432892     0.281536     0.766091    -0.891085     0.625847    -0.401805    -0.976263    -0.551563    -0.260945    -0.710059     0.169289           -1     0.312453    -0.254623     0.121813     0.158863    0.0897533   -0.0428078    -0.116485   0.00534262           -1     0.873774    -0.200676     0.162562     0.584378
    0.859641    -0.620166    -0.620166  8.03866e-09     0.557164     0.368114     0.243852    -0.243852           -1           -1    -0.171441  3.94961e-09  1.24347e-08            1    -0.162403     0.530929    -0.530929     -0.90575     -0.90575    -0.556971  4.06579e-07  4.41216e-08            1    -0.401112            1
           1            0            0            0            0            1            0            0            0            0            0            0            0            0            1            0            0            0            0            0            0            0            0            1            0
    0.859641     0.620166     0.620166 -2.94662e-08     0.557164     0.368114    -0.243852     0.243852            1            1    -0.171441 -1.44775e-08 -4.55802e-08            1    -0.162403    -0.530929     0.530929      0.90575      0.90575    -0.556971 -1.49034e-06 -1.61731e-07            1    -0.401112           -1
    0.859641     0.620166    -0.620166 -2.94662e-08    -0.557164     0.368114    -0.243852    -0.243852            1           -1    -0.171441  1.44775e-08 -4.55802e-08           -1    -0.162403    -0.530929    -0.530929      0.90575     -0.90575    -0.556971  1.49034e-06 -1.61731e-07           -1    -0.401112           -1
    0.754905 -4.37114e-08           -1           -1  7.22568e-08    0.0294915  8.73938e-08     0.666445 -3.85886e-08    -0.882804     0.431997 -7.29608e-08           -1  8.38384e-08    -0.398191  1.31134e-07            1  4.05321e-08     0.927266            1 -5.35159e-06     -0.56719  1.34016e-08    -0.172012  1.05303e-07
    0.754905            1  6.12323e-17            1  5.06098e-17    0.0294915     0.666445   4.0808e-17     0.882804  5.40562e-17     0.431997  2.55515e-17            1  5.87218e-17    -0.398191            1  6.12323e-17    -0.927266 -5.67787e-17            1  1.87417e-15      0.56719  9.38668e-18    -0.172012     0.803014
    0.859641    -0.620166     0.620166  8.03866e-09    -0.557164     0.368114     0.243852     0.243852           -1            1    -0.171441 -3.94961e-09  1.24347e-08           -1    -0.162403     0.530929     0.530929     -0.90575      0.90575    -0.556971 -4.06579e-07  4.41216e-08           -1    -0.401112            1
    0.754905           -1  8.74228e-08            1 -1.44514e-07    0.0294915    -0.666445  1.74788e-07    -0.882804  7.71772e-08     0.431997 -1.45922e-07            1 -1.67677e-07    -0.398191           -1  2.62268e-07     0.927266 -8.10642e-08            1 -1.07032e-05      0.56719 -2.68031e-08    -0.172012    -0.803014
    0.754905 -4.37114e-08            1           -1 -7.22568e-08    0.0294915  8.73938e-08    -0.666445 -3.85886e-08     0.882804     0.431997  7.29608e-08           -1 -8.38384e-08    -0.398191  1.31134e-07           -1  4.05321e-08    -0.927266            1  5.35159e-06     -0.56719 -1.34016e-08    -0.172012  1.05303e-07

Eigen vector matrix Inverse:
   0.0717424     0.341371    0.0717424    -0.197886    -0.254753     0.293018    -0.116782    -0.116782     0.293018    -0.254753     0.248312   -0.0883141     0.110341     0.110341   -0.0883141     0.248312    0.0298112     0.131643     0.123526    0.0298112     0.210147     0.109416     0.123526     0.109416   0.00868549
   0.0410364    -0.359225   -0.0410367     0.359225     0.380286    -0.190168     0.252873    0.0497225    -0.317879     0.289946    -0.380285     0.190168    -0.252873   -0.0497222     0.317879    -0.289946   -0.0181397 -4.30482e-08    0.0181398     0.142996    -0.134203     0.114294    -0.142996    -0.114294     0.134203
 3.11556e-15    -0.247023  3.44169e-15     0.247023    0.0905867    -0.209518    0.0415873    0.0415874    -0.209518    0.0905867   -0.0905867     0.209518   -0.0415874   -0.0415873     0.209518   -0.0905867   -0.0447703  2.77556e-16    0.0447704   -0.0447704    -0.191249  7.21645e-16    0.0447703  2.66454e-15     0.191249
   0.0618497     0.114394    0.0618497    -0.238093    -0.225821     0.124629   -0.0128234   -0.0128234     0.124629    -0.225822     0.103009    -0.124629     0.135636     0.135636    -0.124629     0.103009   -0.0306285 -7.19626e-10    0.0306285   -0.0306285   -0.0143085    0.0801513    0.0306285    0.0801513    -0.145994
-2.82413e-15    0.0797172 -2.93515e-15   -0.0797172    -0.198532   0.00409765     -0.15774    0.0905896     0.108645    0.0497977   -0.0497977    -0.108645   -0.0905896      0.15774  -0.00409765     0.198532    0.0620846  1.82146e-16    0.0897919   -0.0897919    0.0297815 -1.56125e-15   -0.0620846 -2.81025e-15   -0.0297815
    -1.29166     -1.05296     -1.29166     -1.53036     0.929064     -1.11361      1.05121      1.05121     -1.11361     0.929064      1.37442     -1.45119      1.25228      1.25227     -1.45119      1.37442     0.629461    -0.148489     0.712425     0.629461    -0.596085     -0.68526     0.712425     -0.68526    -0.774435
    0.138309   -0.0333295    -0.138308    0.0333298    -0.138956   -0.0138651   -0.0153834    0.0434585   -0.0332723     0.201141     0.138955    0.0138653    0.0153832   -0.0434588    0.0332726    -0.201141    0.0443141  4.19371e-08   -0.0443142   -0.0327298   -0.0124516    0.0882306    0.0327297   -0.0882304    0.0124517
 -5.2794e-15     0.219973 -6.71563e-15    -0.219973    -0.105605    0.0674522    -0.204443    -0.204444    0.0674523    -0.105605     0.105605   -0.0674523     0.204444     0.204443   -0.0674522     0.105605   -0.0527141 -1.08754e-15    0.0527141   -0.0527141      0.11874 -1.23483e-15    0.0527141  1.11572e-16     -0.11874
   0.0118107    -0.448798   -0.0118102     0.448799     0.237084    -0.190005   0.00440827     0.373639    -0.444723      0.60027    -0.237085     0.190006  -0.00440893    -0.373639     0.444724     -0.60027  -0.00347069  9.69202e-08   0.00347044      0.15946    -0.167666     0.120021     -0.15946     -0.12002     0.167667
 5.91372e-15    -0.266752  4.47135e-15     0.266752     0.422447    -0.307639     0.288969     0.288969    -0.307639     0.422447    -0.422447     0.307639    -0.288969    -0.288969     0.307639    -0.422447     -0.03716  3.14437e-15      0.03716     -0.03716    -0.215264  4.87521e-15      0.03716   4.8031e-15     0.215264
    -2.06431     -2.01259     -2.06431     -2.11603      2.16378     -2.15756      2.19024      2.19024     -2.15756      2.16378      2.26028     -2.23071      2.23381      2.23381     -2.23071      2.26028     0.992382    -0.754187      1.01036     0.992382     -1.15903     -1.17835      1.01036     -1.17835     -1.19767
 7.75193e-09      -375524  7.71793e-09       375524       350321      -265549       158162       158163      -265549       350321      -350321       265549      -158163      -158162       265549      -350321      65260.6  2.93323e-09     -65260.6      65260.6      -140292  4.34346e-09     -65260.6  4.24146e-09       140292
   -0.122463      1.01679    -0.122463    -0.771864    -0.814504     0.632417    -0.396472    -0.396472     0.632418    -0.814505     0.854106    -0.632418      0.35687      0.35687    -0.632418     0.854106    -0.155421  2.32035e-10     0.155421    -0.155421     0.179207     0.154905     0.155421     0.154905    -0.489017
 3.12891e-15     0.340431  1.56445e-15    -0.340431     0.301717     -0.47405     0.475918    -0.762682     0.955516    -0.936883     0.936883    -0.955516     0.762682    -0.475918      0.47405    -0.301717    0.0492272  1.56445e-15     0.167551    -0.167551     0.127182  2.34668e-15   -0.0492272  1.56445e-15    -0.127182
     10.2351      8.98356      10.2351      11.4865     -9.14429      8.87484     -9.78469     -9.78469      8.87484     -9.14429     -11.4793      10.6448     -10.8389     -10.8389      10.6448     -11.4793     -4.63386      3.95655     -5.06884     -4.63386      5.12385      5.59139     -5.06884      5.59139      6.05894
   -0.186365      -1.0411     0.186363       1.0411      1.66582      -1.4094     0.745557     0.131423   -0.0630194     0.276636     -1.66582       1.4094    -0.745556    -0.131421    0.0630178    -0.276634     0.237562 -2.34903e-07    -0.237562     0.124295    -0.388946     0.155047    -0.124295    -0.155048     0.388945
-2.69516e-14      1.35181 -2.69438e-14     -1.35181     -1.12787     0.414515    0.0467517    0.0467516     0.414516     -1.12787      1.12787    -0.414516   -0.0467516   -0.0467517    -0.414515      1.12787    -0.323945 -1.04553e-14     0.323945    -0.323945     0.729693 -1.49098e-14     0.323945  -1.4126e-14    -0.729693
    0.197894     0.373216    -0.197894    -0.373217    0.0517647   -0.0924643       -0.141    -0.173381     0.620299    -0.748101    -0.051764    0.0924637        0.141     0.173381    -0.620299     0.748101   -0.0981449 -8.05928e-08    0.0981451    -0.031574      0.13943    0.0200729    0.0315743   -0.0200731     -0.13943
-2.78975e-15   0.00143904 -2.78975e-15  -0.00143904    -0.202145     0.497338    -0.483887    -0.483887     0.497338    -0.202145     0.202145    -0.497338     0.483887     0.483887    -0.497338     0.202145   -0.0679266 -9.58978e-16    0.0679266   -0.0679266    0.0543957 -1.83078e-15    0.0679266  -1.7436e-15   -0.0543957
      3.4005       3.7882       3.4005       3.0128     -3.87867      3.59302     -3.68029     -3.68028      3.59302     -3.87868     -3.15532       3.0447      -3.3537      -3.3537       3.0447     -3.15531      -1.8035      1.30061     -1.66875      -1.8035       2.2052      2.06036     -1.66875      2.06036      1.91552
-7.75193e-09       375524 -7.71793e-09      -375524      -350321       265549      -158162      -158162       265549      -350321       350321      -265549       158162       158162      -265549       350321     -65260.6 -2.93323e-09      65260.6     -65260.6       140292 -4.34346e-09      65260.6 -4.24146e-09      -140292
    0.106867    -0.246934     0.106867    0.0332008     0.204021   -0.0990477   -0.0143607   -0.0143606   -0.0990478     0.204021    -0.057313    0.0990478    -0.132347    -0.132347    0.0990478    -0.057313    0.0243417  8.59645e-10   -0.0243417    0.0243417   -0.0786746    0.0263468   -0.0243417    0.0263468    0.0259811
-4.37117e-15    -0.183334 -4.23871e-15     0.183334     -0.37909     0.614265    -0.472903     0.627336    -0.873551     0.721149    -0.721149     0.873551    -0.627336     0.472903    -0.614265      0.37909     0.131162 -1.72198e-15    0.0674401   -0.0674401   -0.0684917 -2.78165e-15    -0.131162 -2.05313e-15    0.0684917
    -9.01513     -8.27197     -9.01514      -9.7583      8.46998     -8.05425      8.85027      8.85026     -8.05425      8.46998      9.85656      -9.1053      9.47628      9.47627      -9.1053      9.85656      3.97459     -2.93971      4.23289      3.97459     -4.73791     -5.01555      4.23289     -5.01555     -5.29319
    0.281722     0.227343    -0.281721    -0.227342     -0.33074     0.359981    -0.358566     0.167062   -0.0384531   -0.0934303     0.330739    -0.359981     0.358565    -0.167062    0.0384538    0.0934295   0.00945005  1.11717e-07  -0.00945037    -0.088468    0.0849332     0.105248    0.0884677    -0.105248   -0.0849328

Eigen Check:
           1  4.83537e-15 -7.10543e-15 -4.82097e-15  4.40456e-15 -5.11186e-16 -1.56345e-16  -4.0323e-15 -7.14203e-16  1.06414e-14 -9.61351e-16 -1.26419e-15  2.48048e-15  6.90885e-16  1.78387e-15 -7.94734e-16  3.11209e-15 -7.82014e-16  5.30843e-15 -2.38474e-15 -1.14573e-15 -1.11465e-14  5.37775e-16  1.88032e-15 -2.30444e-15
 1.55378e-16            1  1.02141e-14  7.08465e-15  1.54405e-15  1.32243e-15  4.75886e-15  5.95119e-15  2.84952e-15 -1.39921e-14 -5.97008e-15  3.37473e-15  -4.1286e-15  -1.4249e-15 -3.74517e-15  9.31007e-16 -5.82867e-15 -2.70641e-16  -1.2843e-14  1.05249e-15   3.3536e-15  1.61361e-14 -3.03062e-15 -3.41136e-15  1.61686e-15
-2.53532e-15 -2.51527e-15            1  1.91541e-15 -6.75892e-15  2.40078e-15  3.50895e-15 -3.76645e-15  1.28921e-15 -5.00644e-15  -3.1363e-15  1.35418e-15 -1.44302e-15  5.59888e-15 -2.00034e-15 -3.39993e-15  1.94289e-16  3.26783e-15 -2.33312e-15  2.06243e-16  1.31287e-15  4.26603e-15  5.33083e-15 -2.09319e-15 -6.53962e-15
 9.17539e-16 -2.03474e-15 -8.27116e-15            1  2.82322e-15  9.49574e-17 -2.83873e-15  -3.2238e-16  7.41377e-16  7.43147e-15  2.68842e-15 -1.74432e-15  4.50042e-15 -4.61655e-16  3.46421e-15  1.12563e-16  9.99201e-16  1.88425e-15  5.88519e-15 -3.89719e-15 -1.61324e-15 -1.82285e-14  -1.0389e-15  2.00837e-15  8.17029e-16
 4.11516e-15 -6.77831e-15 -2.35922e-15  2.69089e-15            1 -3.54609e-15 -5.79391e-15 -8.79268e-15   5.0674e-15  3.20884e-15 -2.50414e-15 -1.83138e-16 -4.59147e-15 -2.73669e-15  2.16031e-15  3.64143e-15  4.09395e-16 -1.56115e-15 -2.56407e-16  1.12589e-15 -1.18459e-16  -3.2209e-15 -4.12034e-15  4.36012e-15  7.33189e-15
-2.62353e-15 -7.72077e-15  6.77236e-15  6.29155e-15 -4.21694e-15            1 -4.36866e-15  9.21287e-15  3.41826e-15 -7.60695e-15 -5.22438e-15  1.03781e-15 -4.03353e-15   2.1618e-15 -7.79374e-15 -7.37607e-16 -3.77476e-15  3.06024e-15 -6.16583e-15  4.64873e-15  1.77452e-15  1.33123e-15  1.28055e-15  5.84548e-16  1.57765e-16
-5.54858e-15  2.07882e-15 -3.77649e-15 -5.27686e-15  -2.3611e-15  1.69496e-15            1  4.31317e-15 -6.44262e-16 -5.04462e-16  3.92262e-15  5.82722e-15 -1.08924e-15  6.30008e-16 -1.25149e-15  1.37733e-16  1.17441e-15 -4.18627e-15   3.2681e-15  2.12508e-15  5.81156e-15  7.61355e-15  8.38576e-16 -1.91062e-15  8.88746e-16
-5.12328e-15  9.68995e-16 -5.42622e-15  1.15977e-14 -2.46745e-15    6.837e-15 -3.68266e-15            1 -4.22401e-15  4.26208e-15 -1.12595e-14    -4.79e-15  2.88246e-15  3.92746e-15  -3.7455e-15 -1.47759e-15  2.08167e-16  1.53143e-15  3.59725e-15  2.65189e-15 -4.62192e-15 -1.68711e-14  4.05385e-15 -1.19272e-15  2.35754e-15
 1.68786e-15  2.79814e-16 -3.13638e-15  1.21577e-15 -2.88965e-15  1.24805e-15  3.93967e-15  5.65212e-16            1  1.06936e-15  2.39038e-15 -4.16577e-15   4.8795e-15  5.84941e-17  2.10771e-15 -7.79855e-16 -4.16334e-16  1.80767e-15   -2.451e-15 -3.20634e-16 -4.63127e-15 -1.94254e-15  8.79317e-16  2.03412e-16 -7.01586e-16
 1.90741e-16 -1.05542e-15 -1.91513e-15  1.18315e-14  3.16938e-15  2.36474e-15 -3.82295e-15  4.29796e-15 -1.08962e-15            1 -9.98689e-15   3.7704e-16  1.45095e-15   1.2418e-15   -7.915e-16  8.14821e-16  1.66533e-16  9.58895e-16  3.93714e-15  3.37901e-16  6.78727e-17 -1.65859e-14  5.66224e-16  5.21427e-16  4.49283e-15
-1.92457e-15 -2.66447e-15  6.66134e-15 -8.51773e-15  3.74387e-15  -1.1761e-15  6.65798e-16 -4.32512e-15  -1.0887e-15 -2.15715e-15            1   2.8755e-15 -4.07684e-15 -2.99712e-15 -5.71618e-15 -1.54843e-15 -6.66134e-16  1.16039e-16 -5.43229e-15  5.86073e-16  2.37228e-15  5.97922e-15 -4.28046e-15  4.48136e-15 -5.04375e-15
 3.45738e-10  2.95408e-11 -2.32831e-10  1.22115e-10 -1.93503e-10 -2.12038e-11  4.31958e-10  1.11446e-10  1.55893e-10  1.05645e-10  2.87143e-10            1  4.42257e-10  5.69763e-11  7.37228e-10  6.05706e-11  1.45519e-10  1.95082e-11 -1.41332e-10 -1.99469e-10 -1.13474e-11  5.26868e-10  1.12654e-10 -1.50124e-10 -1.54314e-10
-1.31184e-15  3.35663e-15  2.55351e-15 -6.80187e-16  4.07507e-16 -1.36991e-15  -2.1799e-15  4.13513e-16 -1.04286e-15  -7.4858e-16   4.5555e-17  2.69801e-15            1 -3.15421e-16 -2.10578e-15 -4.54675e-16  2.22045e-16 -1.81036e-15 -1.54278e-15  4.97864e-16   3.0245e-15  9.57098e-15 -1.70081e-16  1.12579e-17 -5.43994e-16
 1.62027e-16 -2.49664e-15 -4.55191e-15   5.6539e-15 -2.04863e-15 -1.62932e-16 -3.40936e-15   7.7777e-15  6.45388e-16  5.08989e-15   -3.456e-16 -1.34814e-15   7.1341e-16            1  8.82867e-16  1.87342e-15 -2.77556e-17  4.45316e-16  1.68324e-15  6.99558e-16 -1.53866e-15 -6.06343e-15  1.71369e-15  1.04019e-15  5.42759e-15
 1.82151e-14  9.54505e-15 -6.21725e-15  2.46474e-14 -6.00926e-15 -2.76923e-15  1.30981e-14  -6.4076e-15  3.08818e-15 -3.03592e-15  6.77152e-16   6.3426e-17  1.39892e-14 -4.04302e-15            1  1.20966e-14  1.77636e-15 -2.53741e-15  1.45769e-14 -6.67611e-15 -2.62681e-15  1.08223e-14  3.46344e-15 -1.76388e-14  1.93287e-14
-3.43594e-16 -1.20329e-15  1.33227e-15  2.30084e-15  4.94941e-16 -2.49911e-16 -2.89251e-16  -3.9862e-15  1.72499e-15 -7.36499e-16  2.50047e-16  1.68057e-15  1.41266e-15  6.83547e-16  1.63016e-15            1  1.72085e-15  1.28307e-15  2.70564e-15 -2.51737e-15  1.27772e-15 -1.48335e-15  8.78966e-16 -9.43422e-16 -1.99299e-15
-1.71349e-15 -1.44148e-15  5.55112e-16  2.43189e-16  7.08076e-16 -5.08359e-16 -2.70704e-15 -2.24835e-15    1.335e-15  4.12749e-16 -2.32769e-15  2.43796e-15  5.76256e-16  1.14401e-15 -2.64427e-15 -9.64147e-16            1  1.79445e-15  1.29905e-15  1.88469e-16  2.77954e-15 -2.65941e-15  8.48245e-16  5.73052e-16 -7.23512e-16
-1.48698e-16 -5.82962e-16  1.94289e-16 -4.70804e-16 -2.57006e-16 -2.77313e-16 -1.13996e-15  -1.7127e-16  8.34343e-16 -2.45011e-16 -4.48279e-16  1.12319e-16 -2.21004e-16  1.65565e-16 -1.11417e-15 -6.81234e-17  1.66533e-16            1  4.08536e-16 -4.45048e-16  2.50148e-16 -6.65647e-16  1.25825e-16 -1.64686e-18 -3.61864e-17
 4.58201e-17   4.6028e-16  9.36751e-16 -5.45337e-16  8.45007e-16  1.91214e-16  2.67965e-16 -6.45625e-16 -8.87067e-16 -2.25788e-16  5.92513e-16 -2.48238e-16 -9.54731e-16 -4.03252e-16 -8.51517e-17 -8.97443e-17 -2.91434e-16 -4.40729e-16            1 -1.10288e-16  1.43752e-16 -7.41433e-16 -6.11854e-16  2.71504e-17  1.15943e-16
 6.03846e-15  3.76975e-15 -1.11022e-15  9.22903e-15 -2.66241e-15 -1.62555e-15  3.42071e-15 -1.81246e-15  1.12657e-15 -1.34491e-15  1.71747e-15 -1.38797e-15  3.89996e-15 -5.62412e-16  1.08146e-14  4.53228e-15  2.22045e-16 -4.26661e-16  5.92054e-15            1 -1.15962e-15  1.83616e-16  1.13567e-15 -6.07153e-15  7.81025e-15
-2.94949e-10 -1.31404e-10  2.61934e-10  -3.8405e-10  2.29883e-10  4.94493e-11  -3.3737e-10 -9.20496e-11 -1.03736e-11 -7.31305e-11 -4.45235e-10 -1.02223e-10  -3.8405e-10 -4.24244e-11 -7.25639e-10 -7.51219e-11 -1.45519e-10  5.32507e-11  2.55631e-10  1.41262e-10            1 -5.54016e-10 -1.05378e-10  1.47855e-10  5.24513e-11
 1.84183e-16  1.48113e-16 -1.38778e-16 -3.72361e-17 -1.67909e-16 -4.53347e-17  1.21149e-16  1.45036e-16 -2.88601e-17  1.42336e-16  8.39958e-17 -1.91869e-17    1.744e-16  3.73997e-17  2.40627e-16  8.58851e-17 -2.42861e-17 -6.41117e-18 -1.78815e-16 -2.54144e-18 -1.05883e-16            1  7.48835e-17 -2.71493e-18   4.5586e-17
 1.46818e-17 -3.39178e-16 -3.46945e-16 -4.67716e-17 -8.47716e-16 -7.05202e-16  1.73664e-17 -4.26755e-17 -6.02568e-16 -2.54886e-16 -8.36311e-17 -5.23443e-16  3.14051e-16  2.48987e-16 -9.26535e-17 -9.31986e-16  4.44089e-16  4.91278e-16   2.0909e-16 -4.10989e-16 -5.13018e-16 -4.21135e-17            1  2.53092e-16 -1.15369e-15
-1.58347e-14 -7.56171e-15  7.10543e-15 -2.35332e-14  5.32204e-15  1.59343e-15 -8.19842e-15  3.37549e-15 -6.88859e-15  3.42579e-15  7.34912e-15 -1.25259e-15 -1.19869e-14 -2.52955e-16 -3.03916e-14 -1.05504e-14 -8.88178e-16 -1.47553e-15 -1.40352e-14  1.44839e-14  6.10243e-16 -1.78411e-15 -4.08828e-15            1 -1.59885e-14
-2.97525e-16  7.58049e-17  8.32667e-17 -2.37334e-16  3.34359e-16  3.92758e-17  5.78337e-17 -2.19598e-17  8.73214e-17 -1.01458e-16 -2.19916e-16 -4.25578e-17 -4.03868e-16 -6.36547e-17 -7.23506e-16 -3.31257e-17 -2.35922e-16 -1.17073e-16  6.97839e-17  9.68195e-16 -1.91464e-16 -3.61095e-16  -1.7755e-16  1.70995e-16            1

Modal Intial Displacement:
    -0.31893
    0.639538
-5.59102e-08
   -0.976753
 1.41154e-07
    0.374462
           1
-2.62268e-07
   -0.886309
 7.74836e-08
          -1
 3.37784e-07
    0.675477
-1.13262e-07
   -0.274976
    -0.58006
 1.52131e-07
           1
-8.74228e-08
    0.537713
-5.75524e-06
          -1
  4.7256e-08
    0.091164
    0.141695

