######################################################
####### Samson Mano's Varai2D Raw Data ###############
######################################################
[+] End Points, 22
0, -299.99999316727053, 300.0000050776576
1, -239.99999393829708, 240.00001860981374
2, -179.9999938585817, 179.99997769448365
3, -119.99999377886628, 119.99999122663982
4, -59.99999369915089, 60.000004758796
5, 6.380564498906623E-06, -8.932790961124822E-06
6, 60.000020072151464, -59.99999540063479
7, 119.99997931625215, -119.99998186847861
8, 180.00002023158225, -180.00000917193714
9, 240.00000669942608, -240.00002966945988
10, 299.9999931672699, -300.0000050776581
11, -299.99999316727053, 240.00001860981374
12, -239.99999393829708, 179.99997769448365
13, -179.9999938585817, 119.99999122663982
14, -119.99999377886628, 60.000004758796
15, -59.99999369915089, -8.932790961124822E-06
16, 6.380564498906623E-06, -59.99999540063479
17, 60.000020072151464, -119.99998186847861
18, 119.99997931625215, -180.00000917193714
19, 180.00002023158225, -240.00002966945988
20, 240.00000669942608, -300.0000050776581
21, 299.9999931672699, 300.0000050776576
[+] Lines, 40
0, 0, 1
1, 1, 2
2, 2, 3
3, 3, 4
4, 4, 5
5, 5, 6
6, 6, 7
7, 7, 8
8, 8, 9
9, 9, 10
10, 0, 11
11, 11, 1
12, 1, 12
13, 12, 2
14, 11, 12
15, 12, 13
16, 2, 13
17, 13, 3
18, 3, 14
19, 14, 4
20, 13, 14
21, 14, 15
22, 4, 15
23, 15, 5
24, 5, 16
25, 16, 6
26, 15, 16
27, 16, 17
28, 6, 17
29, 17, 7
30, 7, 18
31, 18, 8
32, 17, 18
33, 18, 19
34, 8, 19
35, 19, 9
36, 9, 20
37, 20, 10
38, 19, 20
39, 5, 21
######################################################
######################################################
