######################################################
####### Samson Mano's Varai2D Raw Data ###############
######################################################
[+] End Points, 19
0, -1131.3707956156954, -5.298191029020185E-06
3, -565.6853792641791, -5.298191029020185E-06
1, 4.238552823216148E-05, -5.298191029020185E-06
2, -989.9494461637335, 141.42135475015294
4, -707.1067366634276, -141.42135475015294
5, -424.2640271631216, 141.42135475015294
6, -141.42130706643368, -141.42135475015294
7, -848.5280967117715, -5.298191029020185E-06
8, -282.8426777111597, -5.298191029020185E-06
9, 141.42134945196193, 141.42135475015294
10, 424.26413312694217, -141.42135475015294
11, 565.6854825789042, -5.298191029020185E-06
12, 707.106832030866, 141.42135475015294
13, 989.9496157058463, -141.42135475015294
14, 1131.3707956156954, -5.298191029020185E-06
15, 282.84269890392386, -5.298191029020185E-06
16, 848.5280967117715, -5.298191029020185E-06
17, -1414.2134945196192, -5.298191029020185E-06
18, 1414.2134945196192, -5.298191029020185E-06
[+] Lines, 26
1, 0, 2
4, 4, 3
5, 3, 5
7, 6, 1
0, 2, 7
2, 7, 4
3, 5, 8
6, 8, 6
8, 0, 7
9, 7, 3
10, 3, 8
11, 8, 1
12, 1, 9
13, 10, 11
14, 11, 12
15, 13, 14
16, 9, 15
17, 15, 10
18, 12, 16
19, 16, 13
20, 1, 15
21, 15, 11
22, 11, 16
23, 16, 14
24, 17, 0
25, 14, 18
######################################################
######################################################
