Global Stiffness Matrix
     250063     -432991        -100           0           0           0           0           0     -249963      432991           0           0           0           0
    -432991      750037           0           0           0           0           0           0      432991     -750037           0           0           0           0
       -100           0      500126   0.0293685        -100           0           0           0     -249963     -432991     -249963      432991           0           0
          0           0   0.0293685 1.50007e+06           0           0           0           0     -432991     -750037      432991     -750037           0           0
          0           0        -100           0      500126   0.0587369        -100           0           0           0     -249963     -432991     -249963      432991
          0           0           0           0   0.0587369 1.50007e+06           0           0           0           0     -432991     -750037      432991     -750037
          0           0           0           0        -100           0      250063      432991           0           0           0           0     -249963     -432991
          0           0           0           0           0           0      432991      750037           0           0           0           0     -432991     -750037
    -249963      432991     -249963     -432991           0           0           0           0      500026   0.0440527        -100           0           0           0
     432991     -750037     -432991     -750037           0           0           0           0   0.0440527 1.50007e+06           0           0           0           0
          0           0     -249963      432991     -249963     -432991           0           0        -100           0      500126   0.0440527        -100           0
          0           0      432991     -750037     -432991     -750037           0           0           0           0   0.0440527 1.50007e+06           0           0
          0           0           0           0     -249963      432991     -249963     -432991           0           0        -100           0      500026   0.0587369
          0           0           0           0      432991     -750037     -432991     -750037           0           0           0           0   0.0587369 1.50007e+06

Global Support Inclination Matrix
 1 -0  0  0  0  0  0  0  0  0  0  0  0  0
 0  1  0  0  0  0  0  0  0  0  0  0  0  0
 0  0  1  0  0  0  0  0  0  0  0  0  0  0
 0  0  0  1  0  0  0  0  0  0  0  0  0  0
 0  0  0  0  1  0  0  0  0  0  0  0  0  0
 0  0  0  0  0  1  0  0  0  0  0  0  0  0
 0  0  0  0  0  0  1 -0  0  0  0  0  0  0
 0  0  0  0  0  0  0  1  0  0  0  0  0  0
 0  0  0  0  0  0  0  0  1  0  0  0  0  0
 0  0  0  0  0  0  0  0  0  1  0  0  0  0
 0  0  0  0  0  0  0  0  0  0  1  0  0  0
 0  0  0  0  0  0  0  0  0  0  0  1  0  0
 0  0  0  0  0  0  0  0  0  0  0  0  1  0
 0  0  0  0  0  0  0  0  0  0  0  0  0  1

Global Point Mass Matrix
  0   0   0   0   0   0   0   0   0   0   0   0   0   0
  0   0   0   0   0   0   0   0   0   0   0   0   0   0
  0   0   0   0   0   0   0   0   0   0   0   0   0   0
  0   0   0   0   0   0   0   0   0   0   0   0   0   0
  0   0   0   0   0   0   0   0   0   0   0   0   0   0
  0   0   0   0   0   0   0   0   0   0   0   0   0   0
  0   0   0   0   0   0   0   0   0   0   0   0   0   0
  0   0   0   0   0   0   0   0   0   0   0   0   0   0
  0   0   0   0   0   0   0   0 100   0   0   0   0   0
  0   0   0   0   0   0   0   0   0 100   0   0   0   0
  0   0   0   0   0   0   0   0   0   0 100   0   0   0
  0   0   0   0   0   0   0   0   0   0   0 100   0   0
  0   0   0   0   0   0   0   0   0   0   0   0 100   0
  0   0   0   0   0   0   0   0   0   0   0   0   0 100

Global DOF Matrix
0
0
1
1
1
1
0
0
1
1
1
1
1
1

Global Augmentation Matrix
 0.499963 -0.866047         0         0         0         0         0         0 -0.499963  0.866047         0         0         0         0
        0         0 -0.499963 -0.866047         0         0         0         0  0.499963  0.866047         0         0         0         0
        0         0  0.499963 -0.866047         0         0         0         0         0         0 -0.499963  0.866047         0         0
        0         0         0         0 -0.499963 -0.866047         0         0         0         0  0.499963  0.866047         0         0
        0         0         0         0  0.499963 -0.866047         0         0         0         0         0         0 -0.499963  0.866047
        0         0         0         0         0         0 -0.499963 -0.866047         0         0         0         0  0.499963  0.866047

Reduced Global Stiffness Matrix
     500126   0.0293685        -100           0     -249963     -432991     -249963      432991           0           0
  0.0293685 1.50007e+06           0           0     -432991     -750037      432991     -750037           0           0
       -100           0      500126   0.0587369           0           0     -249963     -432991     -249963      432991
          0           0   0.0587369 1.50007e+06           0           0     -432991     -750037      432991     -750037
    -249963     -432991           0           0      500026   0.0440527        -100           0           0           0
    -432991     -750037           0           0   0.0440527 1.50007e+06           0           0           0           0
    -249963      432991     -249963     -432991        -100           0      500126   0.0440527        -100           0
     432991     -750037     -432991     -750037           0           0   0.0440527 1.50007e+06           0           0
          0           0     -249963      432991           0           0        -100           0      500026   0.0587369
          0           0      432991     -750037           0           0           0           0   0.0587369 1.50007e+06

Reduced Global Mass Matrix
  0   0   0   0   0   0   0   0   0   0
  0   0   0   0   0   0   0   0   0   0
  0   0   0   0   0   0   0   0   0   0
  0   0   0   0   0   0   0   0   0   0
  0   0   0   0 100   0   0   0   0   0
  0   0   0   0   0 100   0   0   0   0
  0   0   0   0   0   0 100   0   0   0
  0   0   0   0   0   0   0 100   0   0
  0   0   0   0   0   0   0   0 100   0
  0   0   0   0   0   0   0   0   0 100

Reduced Global Augmentation Matrix
        0         0         0         0 -0.499963  0.866047         0         0         0         0
-0.499963 -0.866047         0         0  0.499963  0.866047         0         0         0         0
 0.499963 -0.866047         0         0         0         0 -0.499963  0.866047         0         0
        0         0 -0.499963 -0.866047         0         0  0.499963  0.866047         0         0
        0         0  0.499963 -0.866047         0         0         0         0 -0.499963  0.866047
        0         0         0         0         0         0         0         0  0.499963  0.866047

Reduced Inverse Square Root Point Mass Matrix
1e+06     0     0     0     0     0     0     0     0     0
    0 1e+06     0     0     0     0     0     0     0     0
    0     0 1e+06     0     0     0     0     0     0     0
    0     0     0 1e+06     0     0     0     0     0     0
    0     0     0     0   0.1     0     0     0     0     0
    0     0     0     0     0   0.1     0     0     0     0
    0     0     0     0     0     0   0.1     0     0     0
    0     0     0     0     0     0     0   0.1     0     0
    0     0     0     0     0     0     0     0   0.1     0
    0     0     0     0     0     0     0     0     0   0.1

Standard Eigen Value Problem A - Matrix 
 5.00126e+17  2.93685e+10       -1e+14            0 -2.49963e+10 -4.32991e+10 -2.49963e+10  4.32991e+10            0            0            0 -4.99963e+17  4.99963e+17            0            0            0
 2.93685e+10  1.50007e+18            0            0 -4.32991e+10 -7.50037e+10  4.32991e+10 -7.50037e+10            0            0            0 -8.66047e+17 -8.66047e+17            0            0            0
      -1e+14            0  5.00126e+17  5.87369e+10            0            0 -2.49963e+10 -4.32991e+10 -2.49963e+10  4.32991e+10            0            0            0 -4.99963e+17  4.99963e+17            0
           0            0  5.87369e+10  1.50007e+18            0            0 -4.32991e+10 -7.50037e+10  4.32991e+10 -7.50037e+10            0            0            0 -8.66047e+17 -8.66047e+17            0
-2.49963e+10 -4.32991e+10            0            0      5000.26  0.000440527           -1            0            0            0 -4.99963e+10  4.99963e+10            0            0            0            0
-4.32991e+10 -7.50037e+10            0            0  0.000440527      15000.7            0            0            0            0  8.66047e+10  8.66047e+10            0            0            0            0
-2.49963e+10  4.32991e+10 -2.49963e+10 -4.32991e+10           -1            0      5001.26  0.000440527           -1            0            0            0 -4.99963e+10  4.99963e+10            0            0
 4.32991e+10 -7.50037e+10 -4.32991e+10 -7.50037e+10            0            0  0.000440527      15000.7            0            0            0            0  8.66047e+10  8.66047e+10            0            0
           0            0 -2.49963e+10  4.32991e+10            0            0           -1            0      5000.26  0.000587369            0            0            0            0 -4.99963e+10  4.99963e+10
           0            0  4.32991e+10 -7.50037e+10            0            0            0            0  0.000587369      15000.7            0            0            0            0  8.66047e+10  8.66047e+10
           0            0            0            0 -4.99963e+10  8.66047e+10            0            0            0            0        1e-24            0            0            0            0            0
-4.99963e+17 -8.66047e+17            0            0  4.99963e+10  8.66047e+10            0            0            0            0            0        1e-24            0            0            0            0
 4.99963e+17 -8.66047e+17            0            0            0            0 -4.99963e+10  8.66047e+10            0            0            0            0        1e-24            0            0            0
           0            0 -4.99963e+17 -8.66047e+17            0            0  4.99963e+10  8.66047e+10            0            0            0            0            0        1e-24            0            0
           0            0  4.99963e+17 -8.66047e+17            0            0            0            0 -4.99963e+10  8.66047e+10            0            0            0            0        1e-24            0
           0            0            0            0            0            0            0            0  4.99963e+10  8.66047e+10            0            0            0            0            0        1e-24

Conversion inverse Point Mass Matrix 
1e+06     0     0     0     0     0     0     0     0     0     0     0     0     0     0     0
    0 1e+06     0     0     0     0     0     0     0     0     0     0     0     0     0     0
    0     0 1e+06     0     0     0     0     0     0     0     0     0     0     0     0     0
    0     0     0 1e+06     0     0     0     0     0     0     0     0     0     0     0     0
    0     0     0     0   0.1     0     0     0     0     0     0     0     0     0     0     0
    0     0     0     0     0   0.1     0     0     0     0     0     0     0     0     0     0
    0     0     0     0     0     0   0.1     0     0     0     0     0     0     0     0     0
    0     0     0     0     0     0     0   0.1     0     0     0     0     0     0     0     0
    0     0     0     0     0     0     0     0   0.1     0     0     0     0     0     0     0
    0     0     0     0     0     0     0     0     0   0.1     0     0     0     0     0     0
    0     0     0     0     0     0     0     0     0     0 1e+12     0     0     0     0     0
    0     0     0     0     0     0     0     0     0     0     0 1e+12     0     0     0     0
    0     0     0     0     0     0     0     0     0     0     0     0 1e+12     0     0     0
    0     0     0     0     0     0     0     0     0     0     0     0     0 1e+12     0     0
    0     0     0     0     0     0     0     0     0     0     0     0     0     0 1e+12     0
    0     0     0     0     0     0     0     0     0     0     0     0     0     0     0 1e+12

Eigen values of Standard Eigen Value matrix:
-6.86149e+17
-6.86149e+17
-4.99942e+17
-4.99875e+17
      -1e+11
      -1e+11
    -487.071
    -48.9205
     22.5493
     427.271
       1e+11
       1e+11
 9.99968e+17
  1.0001e+18
 2.18622e+18
 2.18622e+18

Eigen vectors of Standard Eigen Value matrix:
  0.00782646    0.0120225       408237      -408201     0.035358  0.000606865   -0.0950022    0.0411517    0.0823541 -0.000878378    -0.035358 -0.000606949      -577358       577384    0.0238724   0.00930409
      266469       409723   -0.0119863    0.0119828    0.0204119  0.000350339   -0.0446958   -0.0241466   -0.0570145   0.00116894   -0.0204119 -0.000350388    0.0169545   -0.0169569       812824       316921
   0.0240535   -0.0156398       408237       408201 -0.000606865     0.035358   0.00707452     0.058445   -0.0826799   -0.0848529  0.000606949    -0.035358      -577358      -577384   -0.0186164    0.0477416
      409723      -266469   -0.0239726   -0.0239657  0.000350339   -0.0204119   0.00457373    0.0332846   -0.0458719     0.050988 -0.000350388    0.0204119    0.0339089    0.0339138      -316921       812824
-7.69154e-10 -1.18265e-09 -2.04159e-09  2.04223e-09   -0.0353475 -0.000606684   -0.0862127 -0.000337736  -0.00820385   0.00057324    0.0353475  0.000606769   2.8865e-09 -2.88605e-09 -2.34619e-09  -9.1478e-10
-1.33235e-09 -2.04862e-09 -3.53649e-09  3.53759e-09    0.0612297   0.00105091     -0.04977 -0.000194973  -0.00473602  0.000330928   -0.0612297  -0.00105106  5.00006e-09 -4.99929e-09 -4.06412e-09  -1.5846e-09
-4.13498e-10  1.95181e-09 -4.08319e-09 -3.11741e-16 -2.76171e-11  2.04147e-12  -0.00129091    0.0995401   0.00948783  0.000283218 -2.76165e-11  2.04166e-12  5.77301e-09  4.40265e-16  3.26097e-09 -1.43141e-09
-3.38096e-09 -7.16271e-10  1.79806e-16 -7.07518e-09  5.81144e-12  6.31757e-12   0.00940303   0.00956066   -0.0990797   0.00183952  5.81076e-12  6.31799e-12 -2.54201e-16  9.99857e-09 -2.47952e-09 -5.64872e-09
 1.18265e-09 -7.69154e-10 -2.04159e-09 -2.04223e-09  0.000606684   -0.0353475 -0.000424094  0.000394306  -0.00160979   -0.0865878 -0.000606769    0.0353475   2.8865e-09  2.88605e-09  -9.1478e-10  2.34619e-09
-2.04862e-09  1.33235e-09  3.53649e-09  3.53759e-09   0.00105091   -0.0612297  0.000244827  -0.00022763  0.000929322    0.0499865  -0.00105106    0.0612297 -5.00006e-09 -4.99929e-09   1.5846e-09 -4.06412e-09
   0.0011218   0.00172361   0.00408457  -0.00408638 -7.07003e+11 -1.21346e+10      2343.61     -370.708      100.371     -96.6551 -7.07003e+11 -1.21363e+10   0.00288724  -0.00288641  -0.00107361 -0.000418011
 3.36333e+11  5.17147e+11  4.08254e+11 -4.08272e+11      7.13753      -3.4146     -19.7092      2.38604      24.7406      8.31024     -7.12811      3.41474  2.88667e+11 -2.88641e+11 -3.21991e+11 -1.25544e+11
 3.36333e+11  5.17147e+11 -4.08254e+11  4.08272e+11     -7.13517      3.41464      19.7095     -2.38601     -24.7407     -8.31023      7.13046      -3.4147 -2.88667e+11  2.88641e+11 -3.21991e+11 -1.25544e+11
 5.17147e+11 -3.36333e+11  4.08254e+11  4.08272e+11     -3.65749      7.01375      10.9159      7.57437     -24.7732     -16.8841      3.65742     -7.00902  2.88667e+11  2.88641e+11  1.25544e+11 -3.21991e+11
 5.17147e+11 -3.36333e+11 -4.08254e+11 -4.08272e+11      3.65752     -7.01619     -10.9159      -7.5744      24.7733      16.8839     -3.65738      7.00676 -2.88667e+11 -2.88641e+11  1.25544e+11 -3.21991e+11
  0.00172399  -0.00112122  -0.00408457  -0.00408638 -1.21346e+10  7.07003e+11      111.746     -54.2525      138.349      2382.77 -1.21363e+10  7.07003e+11  -0.00288724   -0.0028864  0.000418523  -0.00107341

Augmentation removed Eigen Values
   -487.071
   -48.9205
    22.5493
    427.271
      1e+11
      1e+11
9.99968e+17
 1.0001e+18
2.18622e+18
2.18622e+18

Augmentation removed Eigen Vectors
  -0.0950022    0.0411517    0.0823541 -0.000878378    -0.035358 -0.000606949      -577358       577384    0.0238724   0.00930409
  -0.0446958   -0.0241466   -0.0570145   0.00116894   -0.0204119 -0.000350388    0.0169545   -0.0169569       812824       316921
  0.00707452     0.058445   -0.0826799   -0.0848529  0.000606949    -0.035358      -577358      -577384   -0.0186164    0.0477416
  0.00457373    0.0332846   -0.0458719     0.050988 -0.000350388    0.0204119    0.0339089    0.0339138      -316921       812824
  -0.0862127 -0.000337736  -0.00820385   0.00057324    0.0353475  0.000606769   2.8865e-09 -2.88605e-09 -2.34619e-09  -9.1478e-10
    -0.04977 -0.000194973  -0.00473602  0.000330928   -0.0612297  -0.00105106  5.00006e-09 -4.99929e-09 -4.06412e-09  -1.5846e-09
 -0.00129091    0.0995401   0.00948783  0.000283218 -2.76165e-11  2.04166e-12  5.77301e-09  4.40265e-16  3.26097e-09 -1.43141e-09
  0.00940303   0.00956066   -0.0990797   0.00183952  5.81076e-12  6.31799e-12 -2.54201e-16  9.99857e-09 -2.47952e-09 -5.64872e-09
-0.000424094  0.000394306  -0.00160979   -0.0865878 -0.000606769    0.0353475   2.8865e-09  2.88605e-09  -9.1478e-10  2.34619e-09
 0.000244827  -0.00022763  0.000929322    0.0499865  -0.00105106    0.0612297 -5.00006e-09 -4.99929e-09   1.5846e-09 -4.06412e-09

Global Eigen Vector Matrix
        0         0         0         0         0         0         0         0         0         0
        0         0         0         0         0         0         0         0         0         0
       -1  0.413418   0.83119 -0.010144 -0.577465 -0.009913        -1         1         0         0
-0.470472 -0.242581 -0.575441    0.0135 -0.333366 -0.005723         0        -0         1  0.389901
 0.074467   0.58715 -0.834479 -0.979964  0.009913 -0.577465        -1        -1        -0         0
 0.048143  0.334384  -0.46298   0.58886 -0.005723  0.333366         0         0 -0.389901         1
        0         0         0         0         0         0         0         0         0         0
        0         0         0         0         0         0         0         0         0         0
-0.907481 -0.003393   -0.0828   0.00662  0.577293   0.00991         0        -0        -0        -0
-0.523882 -0.001959   -0.0478  0.003822        -1 -0.017166         0        -0        -0        -0
-0.013588         1   0.09576  0.003271        -0         0         0         0         0        -0
 0.098977  0.096048        -1  0.021245         0         0        -0         0        -0        -0
-0.004464  0.003961 -0.016247        -1  -0.00991  0.577293         0         0        -0         0
 0.002577 -0.002287   0.00938  0.577293 -0.017166         1        -0        -0         0        -0

