######################################################
####### Samson Mano's Varai2D Raw Data ###############
######################################################
[+] End Points, 24
0, -424.26411128775675, 1.5722540622015894E-05
1, -282.8427513401983, 141.42137567009914
2, -141.42139139263975, 282.84273561765764
3, -3.144508124403179E-05, 424.26409556521617
4, -424.26411128775675, 282.84273561765764
5, -141.42139139263975, 565.6854240676934
6, -141.42139139263975, 1.5722540622015894E-05
7, 141.42132850247725, 282.84273561765764
8, 282.8426570049545, 141.42137567009914
9, 424.2640169525131, 1.5722540622015894E-05
10, 282.8426570049545, 424.26409556521617
11, 565.6852511197466, 141.42137567009914
12, -3.144508124403179E-05, 141.42137567009914
13, -282.8427513401983, -141.4213442250179
14, -565.6852511197466, -141.4213442250179
15, -3.144508124403179E-05, -141.4213442250179
16, -141.42139139263975, -282.8427041725764
17, 282.8426570049545, -141.4213442250179
18, 141.42132850247725, -282.8427041725764
19, 424.2640169525131, -282.8427041725764
20, 141.42132850247725, 1.5722540622015894E-05
21, -3.144508124403179E-05, -424.2640641201349
22, 141.42132850247725, -565.6854240676934
23, -282.8427513401983, -424.2640641201349
[+] Lines, 36
0, 0, 1
1, 1, 2
2, 2, 3
3, 1, 4
4, 3, 5
5, 5, 2
6, 4, 0
7, 1, 6
8, 2, 6
9, 3, 7
10, 7, 8
11, 8, 9
12, 7, 10
13, 9, 11
14, 11, 8
15, 10, 3
16, 7, 12
17, 8, 12
18, 13, 0
19, 0, 14
20, 14, 13
21, 13, 15
22, 16, 13
23, 16, 15
24, 9, 17
25, 17, 18
26, 17, 19
27, 19, 9
28, 17, 20
29, 18, 20
30, 18, 21
31, 21, 22
32, 22, 18
33, 21, 16
34, 16, 23
35, 23, 21
######################################################
######################################################
