######################################################
####### Samson Mano's Varai2D Raw Data ###############
######################################################
[+] End Points, 9
0, -170.71067810058594, -170.71067810058594
1, -170.71067810058594, 29.28932189941406
2, -29.28932189941406, 170.71067810058594
3, -312.13206481933594, 170.71067810058594
4, 429.28932189941406, 29.28932189941406
5, 429.28932189941406, -170.71067810058594
6, 570.7106781005859, 170.71067810058594
7, 287.86793518066406, 170.71067810058594
8, -570.7106781005859, 29.28932189941406
[+] Lines, 8
0, 0, 1
1, 1, 2
2, 1, 3
3, 1, 4
4, 5, 4
5, 4, 6
6, 4, 7
7, 1, 8
######################################################
######################################################
